   -0.11567301
   -0.09596131
    0.27265130
   -0.46718569
    0.29575538
    0.29926320
    0.28830822
    0.16078035
    0.13423826
   -0.16387828
    0.01946146
    0.27393311
   -0.46926266
   -0.03992011
   -0.07677620
    0.24055765
    0.09345275
    0.06531314
    0.09914556
   -0.19632049
    0.05412224
    0.27772041
   -0.48407209
   -0.10103986
    0.21881337
    0.04658367
    0.04790599
    0.05766100
    0.04581006
   -0.17189311
    0.03754336
    0.27280288
   -0.49715099
   -0.07401512
    0.00909105
   -0.04528198
   -0.03835292
   -0.02982191
   -0.02999935
   -0.03505912
    0.19929956
    0.07576312
    0.05586799
    0.07398616
    0.05345559
    0.00896988
    0.04488668
    0.02996927
    0.05674327
   -0.20851147
    0.03890810
    0.27731574
   -0.48056838
   -0.04826262
   -0.09057631
    0.36958160
   -0.61343326
   -0.63622604
    0.22241941
    0.03964692
    0.03094118
    0.05922809
    0.02736210
    0.02469197
   -0.19752292
   -0.03451830
    0.26387167
   -0.44549013
    0.22636500
    0.11210492
    0.11128111
   -0.18306831
    0.03975343
    0.27873024
   -0.50992252
   -0.04412444
   -0.08073230
    0.36992664
   -0.63633318
   -0.68016210
    0.19416492
    0.06133087
    0.04727380
    0.02453453
    0.02411610
    0.04228478
   -0.17860315
    0.02424065
    0.29349690
   -0.55502177
    0.08379156
   -0.45252934
    0.22893863
    0.10922455
    0.05197262
    0.03349398
    0.34452553
   -0.16472263
    0.04830191
    0.26931000
   -0.47507584
   -0.01255712
   -0.10759635
    0.24552190
    0.06680240
    0.04815597
    0.04453358
   -0.18739217
    0.03778191
    0.26680731
   -0.51568394
   -0.09793635
    0.28368103
   -0.49502214
   -0.26940684
    0.21419602
    0.07871865
    0.07103072
    0.06182223
    0.24011278
    0.25231208
   -0.16815507
    0.01499387
    0.27435149
   -0.45050466
   -0.01463550
   -0.11568638
   -0.13949832
    0.22349550
    0.07852902
    0.08579310
    0.05055728
    0.00918614
    0.06235496
    0.04387088
    0.06774814
    0.06990981
   -0.17114089
    0.00809784
    0.27644121
   -0.47957500
   -0.07812277
   -0.09693355
    0.28545644
   -0.48383663
   -0.28195059
    0.21006214
    0.09847749
    0.08540726
    0.07308206
    0.07243333
    0.04900534
    0.22035903
    0.22058192
   -0.18516683
    0.00774255
    0.26848030
   -0.45965332
   -0.07838144
    0.01178668
   -0.04198941
   -0.04467152
   -0.03588457
   -0.03100332
   -0.02621237
    0.21658429
    0.09939876
    0.03981351
    0.07381091
    0.03628451
    0.03849247
    0.04345198
    0.05111813
    0.05421779
   -0.19437173
    0.26852519
   -0.54302311
    0.22020865
    0.08638373
    0.01868427
   -0.06031302
    0.00440397
   -0.03472533
   -0.04688447
   -0.06683228
   -0.07975844
    0.13293211
   -0.44172060
    0.04283429
    0.03264133
   -0.00335258
    0.05606133
    0.06766366
    0.08508806
    0.33997864
   -0.07699639
    0.02498075
    0.28524476
   -0.51468224
   -0.08146674
   -0.07324505
   -0.02365423
    0.05847749
    0.07244971
    0.10255629
    0.04865114
    0.09859231
    0.09000959
    0.07653585
   -0.20036885
    0.04724716
    0.26886216
   -0.45953527
   -0.03401086
   -0.08045857
    0.22987637
    0.03951035
    0.08530641
    0.06386727
   -0.19051571
    0.04321612
    0.25731867
   -0.46866685
   -0.02999733
   -0.11903925
    0.22042042
    0.05413434
    0.06654273
    0.07465893
   -0.08316210
    0.01127230
    0.27182084
   -0.48805523
   -0.07344981
   -0.06831950
   -0.01746996
    0.09685660
    0.06628899
    0.07310310
    0.06030626
    0.05939250
    0.06072899
    0.07004252
   -0.17830556
   -0.04884181
    0.28378615
   -0.46142737
    0.23742674
    0.11009778
    0.10179885
   -0.20403109
    0.01919760
    0.18200799
   -0.34784545
   -0.06608109
   -0.00879359
   -0.11139188
   -0.13178913
    0.21178327
    0.12229090
    0.02792749
    0.07539218
    0.03524207
    0.05557126
    0.01439140
    0.03633161
    0.06394362
    0.04480055
    0.04832486
   -0.39410789
    0.02739707
    0.26017492
   -0.48775128
   -0.06959035
   -0.00780103
   -0.10274307
   -0.10461286
    0.18013695
    0.05811984
    0.04162012
    0.00582700
    0.04063397
    0.04105611
    0.00512163
    0.03440063
    0.04161896
    0.05145870
    0.01518232
   -0.19417076
    0.02071716
    0.27592562
   -0.47479579
    0.11568739
   -0.49097153
   -0.15023718
    0.23183576
    0.07234414
    0.04661695
    0.33066203
    0.06587278
    0.07708269
    0.08713174
   -0.17548074
    0.03532506
    0.26715086
   -0.47082337
   -0.02122737
   -0.09360615
    0.21113309
    0.06543664
    0.05690654
    0.08501621
   -0.18090076
    0.01083789
    0.24494212
   -0.46999656
   -0.03000751
   -0.05817802
   -0.14110127
   -0.13350139
    0.21725925
    0.06853557
    0.07137466
    0.02639473
    0.01068151
    0.06039549
    0.08790959
    0.05231497
    0.07700246
    0.05990584
    0.03978043
   -0.10862372
    0.00193829
    0.28075026
   -0.47906227
   -0.08736645
   -0.09191005
   -0.02784283
    0.08413632
    0.06660507
    0.10530406
    0.07017122
    0.10996226
    0.06469112
    0.11812864
   -0.19339635
   -0.01278479
    0.27539174
   -0.49849296
    0.21572007
    0.05667043
    0.08188227
   -0.17020502
    0.02756949
    0.26053581
   -0.45585367
   -0.11466247
    0.28200204
   -0.49362025
   -0.27789821
    0.22656515
    0.10051917
    0.11438242
    0.08900721
    0.23876130
    0.24677384
   -0.13425005
    0.01300643
    0.25908287
   -0.53739936
   -0.07533762
   -0.07818439
   -0.01440041
    0.08408855
    0.05399518
    0.09412334
    0.05096869
    0.07926432
    0.06607145
    0.10276794
   -0.17406003
    0.04301147
    0.25140915
   -0.49229188
   -0.09250175
    0.37177318
   -0.62097624
   -0.63820102
    0.22271448
    0.06188710
    0.05312944
    0.05982560
   -0.16474552
   -0.03489733
    0.26107470
   -0.47835642
    0.22256345
    0.12244455
    0.07277428
   -0.17321592
   -0.00096586
    0.26513559
   -0.44169376
    0.09310611
   -0.43936921
   -0.14123382
    0.24220869
    0.06492192
    0.09431407
    0.32952521
    0.03223027
    0.03683800
    0.09583044
   -0.19252377
    0.03269760
    0.26082869
   -0.50502563
   -0.01273966
   -0.14286426
    0.21049262
    0.06627002
    0.06623628
    0.04724247
   -0.14870016
    0.01969436
    0.26349255
   -0.50869681
   -0.07682001
   -0.01236413
   -0.05097834
   -0.04613940
   -0.06477242
   -0.08202978
    0.14894618
   -0.42366797
    0.23819341
    0.09035491
    0.07348443
    0.06437569
    0.04133661
    0.05552657
    0.06475677
    0.06373018
    0.36161201
   -0.16584403
    0.02873091
    0.20323026
   -0.31395614
   -0.06912895
   -0.00560025
   -0.04878359
   -0.04385776
   -0.06695426
   -0.07273036
    0.13701849
   -0.44105318
    0.23556477
    0.06006981
    0.04733185
    0.08156552
    0.06455632
    0.03318096
    0.07936454
    0.04541929
    0.34962979
    0.04322714
   -0.45726030
    0.02887276
    0.05881307
    0.02369065
    0.30617332
    0.03171051
   -0.47072553
    0.05414807
    0.03467926
    0.04030835
    0.31247388
    0.03564130
   -0.47158672
    0.04504103
    0.04085839
    0.04304374
    0.30426169
    0.03327217
   -0.49373847
    0.04799826
    0.02435753
    0.03754192
    0.31699172
    0.03978361
   -0.45365201
    0.06619599
    0.06850262
    0.00292392
    0.30377517
    0.03373075
   -0.45277853
    0.04056768
    0.03406288
    0.03287997
    0.30827017
    0.03257415
   -0.50529807
    0.04139465
    0.03565485
    0.05990455
    0.33007311
    0.02367283
   -0.48739511
    0.03830713
    0.04551199
    0.05213551
    0.33005790
   -0.13366813
   -0.49023680
    0.23240247
    0.16577756
   -0.09338152
    0.33876060
   -0.61137237
    0.33548288
    0.30316481
   -0.61362960
    0.31216186
    0.29700299
   -0.63156244
    0.31698385
    0.32264618
   -0.64267670
    0.29516792
    0.30753166
   -0.65272106
    0.30072260
    0.32711803
   -0.63643635
    0.33475252
    0.31478106
   -0.63875822
    0.31621206
    0.32164280
   -0.63044180
    0.30925491
    0.32510484
   -0.60802403
    0.31328709
    0.28643496
    0.01068154
   -0.45596725
    0.04822995
    0.03856393
    0.08754147
    0.30303354
    0.02720702
   -0.47280139
    0.04292507
    0.04437149
    0.06137194
    0.33261352
    0.01484618
   -0.47348820
    0.04763769
    0.06160766
    0.08672199
    0.29579332
    0.01314327
   -0.46730281
    0.03918207
    0.01515324
    0.07576939
    0.32552362
    0.02459772
   -0.48288201
    0.03980656
    0.03038482
    0.06121002
    0.32833125
    0.01590001
   -0.48333276
    0.06527631
    0.00786875
    0.07971511
    0.31686057
    0.04624499
   -0.49042755
    0.03000130
    0.05156901
    0.02072625
    0.34230394
    0.03159316
   -0.46093406
    0.04294769
    0.05920808
    0.00527565
    0.31503231
    0.03958146
   -0.44426641
    0.02200644
    0.07049781
    0.01566813
    0.30130924
    0.02232893
   -0.48799657
    0.05779669
    0.04356553
    0.04495570
    0.32199545
    0.02932940
   -0.49676048
    0.05097789
    0.05164500
    0.03554872
    0.33146825
    0.02317831
   -0.48509625
    0.04296455
    0.04463207
    0.03416729
    0.34459564
    0.02734431
   -0.47364603
    0.05510050
    0.04249170
    0.03480768
    0.31361957
    0.02965666
   -0.45422297
    0.05708631
    0.02390888
    0.03537396
    0.30130769
    0.04277307
   -0.49503426
    0.03745592
    0.03184116
    0.02227540
    0.32409191
    0.03150264
   -0.48853710
    0.02780876
    0.02265102
    0.04054549
    0.32775245
    0.04930042
   -0.43935342
    0.05524025
    0.05504244
   -0.00490654
    0.30958074
    0.03674939
   -0.47650518
    0.04090971
    0.04511170
    0.02917263
    0.32386817
    0.04014910
   -0.45414126
    0.03543329
    0.05495416
    0.02891353
    0.29046103
    0.03162262
   -0.45460718
    0.04296877
    0.05770356
    0.02454889
    0.29607085
    0.05047762
   -0.48522936
    0.04175779
    0.03401951
    0.02678428
    0.32325187
    0.01300998
   -0.49328066
    0.06419163
    0.03810555
    0.06768211
    0.31291255
    0.01246376
   -0.50490487
    0.06422464
    0.04789659
    0.06416115
    0.31685683
   -0.10256692
   -0.56410289
    0.22689760
    0.18580149
   -0.14486720
    0.43052035
   -0.10491622
   -0.51857441
    0.23378697
    0.19494524
   -0.07795471
    0.40365443
   -0.11666093
   -0.52546128
    0.22980891
    0.17439599
   -0.14723922
    0.39039277
   -0.60024286
    0.32627891
    0.30591503
   -0.63204236
    0.32006156
    0.30850104
   -0.61359387
    0.30111061
    0.30779191
   -0.61694097
    0.30968068
    0.31004473
   -0.62863174
    0.30618336
    0.32725283
   -0.62605894
    0.29352641
    0.30864002
   -0.65547815
    0.32207007
    0.31514948
   -0.63716035
    0.28969286
    0.32311567
   -0.61560925
    0.33394617
    0.31043713
   -0.63691531
    0.33062898
    0.31889772
   -0.64193330
    0.31713407
    0.33443524
   -0.63252332
    0.30713579
    0.32367848
   -0.61654178
    0.31952299
    0.29436116
   -0.62886835
    0.31803867
    0.30916298
   -0.65458284
    0.30103389
    0.33885813
   -0.64254497
    0.33407189
    0.30626152
   -0.61941796
    0.30048574
    0.31187951
   -0.12208835
   -0.08789713
    0.19676733
   -0.33392688
    0.31524935
    0.30862624
    0.26771100
    0.16053478
    0.16923231
   -0.12386463
   -0.10150736
    0.26734123
   -0.45438255
    0.30742925
    0.31589733
    0.26701239
    0.14644486
    0.15209194
   -0.14687664
    0.00359525
    0.19758245
   -0.34603698
   -0.03801882
   -0.10954625
    0.23250608
    0.14805309
    0.08625302
    0.09548541
   -0.12402279
   -0.09191335
    0.27117924
   -0.45742108
    0.29874095
    0.28977972
    0.31879549
    0.15167118
    0.12756117
   -0.15301448
    0.01370809
    0.26840646
   -0.46906984
   -0.00442158
   -0.39970723
    0.23445620
    0.09258935
    0.07554913
    0.10376714
    0.25414601
   -0.17613336
    0.03476476
    0.27252890
   -0.47345978
   -0.12510533
    0.21626768
    0.05280462
    0.08170181
    0.05862361
    0.05261375
   -0.16854584
    0.02671704
    0.19261803
   -0.35053960
   -0.07859676
    0.01043801
   -0.04206929
   -0.03982306
   -0.03264062
   -0.03124260
   -0.03702288
    0.19667808
    0.11432612
    0.06089359
    0.07903150
    0.05169424
    0.01348582
    0.05433661
    0.02193630
    0.04841008
   -0.38419815
    0.03937830
    0.20151467
   -0.36004012
   -0.05671653
   -0.09309444
    0.36314848
   -0.63434435
   -0.67945316
    0.17837284
    0.04382356
    0.04296826
    0.04517115
    0.02417908
    0.04381834
   -0.40430151
    0.04188311
    0.26881177
   -0.47321858
   -0.03997136
   -0.08364876
    0.37437986
   -0.63119097
   -0.65663293
    0.18138095
    0.01031243
    0.03101072
    0.04575590
    0.00525064
    0.01371399
   -0.21221429
   -0.02564701
    0.26688337
   -0.47403365
    0.21654692
    0.08015496
    0.09680493
   -0.16581228
    0.02025955
    0.27452694
   -0.50277237
   -0.05850639
   -0.09419067
    0.36684380
   -0.61224168
   -0.70038478
    0.18740070
    0.06899840
    0.06133590
    0.03947063
    0.04474584
    0.03627546
   -0.17039046
    0.01381416
    0.28468797
   -0.52841086
    0.07739047
   -0.47294221
    0.22867483
    0.09655412
    0.04778995
    0.05488298
    0.36036423
   -0.14414664
    0.02657621
    0.18687287
   -0.36280168
   -0.03847458
   -0.10109559
    0.22945179
    0.11936245
    0.09349705
    0.10485927
   -0.40983036
    0.03343167
    0.26659424
   -0.47340166
   -0.04517887
   -0.09158628
    0.37910878
   -0.64575844
   -0.65812740
    0.17310721
    0.03177688
    0.03624709
    0.04461708
    0.01482205
    0.02689895
   -0.19480224
   -0.03312593
    0.26380385
   -0.46641474
    0.21005739
    0.09909415
    0.09389929
   -0.16856267
    0.02415985
    0.27225610
   -0.47927985
   -0.05749559
   -0.09059124
    0.36849809
   -0.61843597
   -0.70985956
    0.19778151
    0.05675886
    0.05330371
    0.04387629
    0.03917048
    0.04323229
   -0.16827579
    0.02358780
    0.20763164
   -0.39473555
    0.07900500
   -0.42948071
    0.21743882
    0.11784039
    0.04321746
    0.04174273
    0.34069007
   -0.40099983
    0.03311240
    0.26819560
   -0.46822033
   -0.04322071
   -0.08904879
    0.37199188
   -0.64915664
   -0.64119109
    0.16134688
    0.02901721
    0.01986799
    0.04460984
    0.01735216
    0.01640016
   -0.18589957
   -0.02595205
    0.19619666
   -0.34547496
    0.21101412
    0.11309616
    0.11065259
   -0.38141351
    0.02582158
    0.27152219
   -0.48185600
   -0.03429265
   -0.03621193
    0.19743623
    0.07099953
    0.02274249
    0.09823647
   -0.18241195
    0.03569264
    0.26787215
   -0.50721791
   -0.10420088
    0.28366122
   -0.50252111
   -0.27140456
    0.20399137
    0.06930229
    0.07844188
    0.08683653
    0.24002589
    0.24907291
   -0.17934020
    0.02558889
    0.27823427
   -0.47047694
   -0.00836029
   -0.09700508
   -0.13257196
    0.21200453
    0.06763255
    0.06223390
    0.03745489
    0.01269697
    0.03650113
    0.05160678
    0.04512587
    0.07037263
   -0.17196511
    0.01378836
    0.27964132
   -0.48601471
   -0.07583621
   -0.10006813
    0.28871054
   -0.50030805
   -0.28567719
    0.21669702
    0.07734818
    0.07322647
    0.07915228
    0.08954741
    0.06021216
    0.23527002
    0.22345173
   -0.18054742
    0.02004877
    0.20069114
   -0.34618755
   -0.07611526
    0.01526188
   -0.04088237
   -0.04249936
   -0.03846050
   -0.03364067
   -0.03402317
    0.21935819
    0.10384536
    0.05059994
    0.08190803
    0.04679145
    0.03595904
    0.05724760
    0.03973066
    0.04958786
   -0.28457979
    0.03148546
    0.27077348
   -0.47283507
   -0.05947260
   -0.05400146
    0.01640369
    0.00622424
    0.02850909
    0.04967012
    0.03525942
    0.04822066
    0.05811217
    0.01375984
   -0.19694022
    0.03361779
    0.18421719
   -0.37605596
   -0.02038221
   -0.18007613
    0.19865473
    0.09608042
    0.04271649
    0.08040542
   -0.38766719
   -0.03404987
    0.26081257
   -0.49630041
    0.16702660
    0.07560949
    0.10357149
   -0.17362524
    0.01378036
    0.26560725
   -0.51305435
   -0.07570622
   -0.01937354
   -0.12868682
   -0.13034346
    0.20444004
    0.09791570
    0.03955287
    0.04298783
    0.04874367
    0.07338096
    0.04659149
    0.03162225
    0.07427530
    0.04293184
    0.04171705
   -0.19656166
    0.03195742
    0.27628793
   -0.44422740
    0.13224201
   -0.50999086
   -0.14558792
    0.24515241
    0.04827957
    0.01731430
    0.32107857
    0.07256040
    0.08075755
    0.08323441
   -0.18571483
    0.04877508
    0.27228764
   -0.51240735
    0.01293353
   -0.19211748
    0.18201349
    0.08246570
    0.04074292
    0.02183600
   -0.18381877
    0.01994302
    0.24295482
   -0.44400784
   -0.03072730
   -0.05137194
   -0.14017508
   -0.13307607
    0.23673923
    0.04813320
    0.08327945
    0.00956864
    0.00942516
    0.06626411
    0.08049165
    0.05682114
    0.07110415
    0.07277342
    0.03088358
   -0.11013815
    0.00619178
    0.28605735
   -0.50762663
   -0.08360826
   -0.08702870
   -0.03022481
    0.07590673
    0.05680628
    0.09998160
    0.07158721
    0.11021668
    0.07811375
    0.12760492
   -0.19323946
    0.00533110
    0.27818244
   -0.51936025
    0.23258864
    0.05854962
    0.05875613
   -0.17184680
    0.03238768
    0.25860558
   -0.45181089
   -0.11367406
    0.27861756
   -0.47174433
   -0.26646353
    0.23891616
    0.08173697
    0.10831123
    0.06170097
    0.20574578
    0.26419012
   -0.13339004
    0.01767224
    0.25962784
   -0.54136066
   -0.07080640
   -0.08058421
   -0.01518826
    0.06012988
    0.05538837
    0.07927492
    0.06542786
    0.09078454
    0.08045896
    0.10427554
   -0.17179097
    0.03901723
    0.25160137
   -0.51004914
   -0.09317725
    0.37386332
   -0.61356945
   -0.66085493
    0.22260397
    0.07120787
    0.05785512
    0.06322938
   -0.16110059
   -0.02927900
    0.26118821
   -0.45745687
    0.23462498
    0.11138614
    0.05077679
   -0.16713860
   -0.01479615
    0.26219605
   -0.46138725
    0.09864694
   -0.45438009
   -0.15971788
    0.22525466
    0.09268664
    0.07537991
    0.33871091
    0.06224352
    0.05431763
    0.09831151
   -0.17202781
    0.00963753
    0.26331775
   -0.47071963
   -0.05570547
   -0.04258072
    0.23221391
    0.05997326
    0.13292742
    0.08228544
   -0.14965452
    0.02012907
    0.19072704
   -0.39736506
   -0.07693107
   -0.01057551
   -0.05413850
   -0.04244195
   -0.06634135
   -0.07654540
    0.14851858
   -0.41408077
    0.22145815
    0.11555365
    0.08787632
    0.05641612
    0.03202064
    0.06428228
    0.05461459
    0.05925540
    0.34610537
   -0.40137499
    0.03161343
    0.35877563
   -0.50066913
   -0.06953834
   -0.00358856
   -0.10699226
   -0.11586487
   -0.35840415
    0.18441739
    0.06949861
    0.02621627
    0.03266180
    0.03309900
    0.03516200
    0.02351814
    0.03937729
    0.05684832
    0.04143915
    0.04312113
    0.39903939
   -0.40010161
    0.01353570
    0.26814611
   -0.48716228
   -0.01698291
   -0.12208920
   -0.12913451
    0.17335298
    0.05824847
    0.04756966
    0.04709453
    0.04165886
    0.04490640
    0.05551324
    0.04834371
    0.04480459
   -0.17140932
    0.00386160
    0.27548681
   -0.49205187
   -0.07626308
   -0.09981157
    0.28923747
   -0.49895087
   -0.28688920
    0.22483513
    0.08160701
    0.08525278
    0.07233469
    0.08154059
    0.05506243
    0.22128343
    0.20976919
   -0.17274643
    0.00951595
    0.19246825
   -0.34307559
   -0.08753309
    0.01249129
   -0.04006533
   -0.05219195
   -0.03337875
   -0.03708050
   -0.02846555
    0.22459296
    0.09947945
    0.08015089
    0.08496256
    0.03220772
    0.06277796
    0.02858104
    0.05118761
    0.03520205
   -0.27980710
    0.01827604
    0.19274989
   -0.36830037
   -0.06633475
   -0.06934133
   -0.00503807
    0.05925782
    0.04884646
    0.07082405
    0.03828385
    0.04605904
    0.07206921
    0.01497370
   -0.38695641
    0.04113194
    0.25760274
   -0.46818099
   -0.02820200
   -0.10190930
    0.18140493
    0.03036461
    0.07023111
    0.04345689
   -0.10137886
    0.02355767
    0.19412161
   -0.34724645
   -0.06819373
   -0.06933145
   -0.01709528
    0.09641139
    0.05505547
    0.07024601
    0.05759496
    0.04933000
    0.07549861
    0.07246246
   -0.37372804
    0.19642904
   -0.38342365
    0.17059179
    0.09527850
    0.02364835
   -0.08362829
    0.00599488
   -0.03879777
   -0.05003915
   -0.06766839
   -0.08025519
    0.13053172
   -0.45365779
    0.05657737
    0.04314689
    0.01668513
    0.06004572
    0.06473214
    0.06221263
    0.32448325
   -0.39129936
    0.04615181
    0.25137720
   -0.45903923
    0.01371384
   -0.37736775
    0.17695570
    0.03073240
    0.04650941
    0.03057686
    0.24405750
   -0.09704517
    0.01150692
    0.27193332
   -0.48964670
   -0.07096551
   -0.06391396
   -0.01100187
    0.09871406
    0.04850463
    0.07285194
    0.04787471
    0.05407291
    0.06263869
    0.07173865
   -0.18232228
   -0.04362878
    0.27814880
   -0.47832000
    0.24092961
    0.09982196
    0.09218485
   -0.20790708
    0.01496563
    0.26354335
   -0.46046578
   -0.07070507
   -0.00622962
   -0.11949336
   -0.12438420
    0.22799436
    0.07777988
    0.04890116
    0.07232468
    0.03342795
    0.06230874
    0.03997032
    0.03974708
    0.04942552
    0.04011577
    0.02434312
   -0.21369290
   -0.04436524
    0.26855688
   -0.48727014
    0.22516971
    0.10573000
    0.09488804
   -0.17030292
    0.02327366
    0.19007130
   -0.35607419
   -0.08787967
   -0.00986442
   -0.12532056
   -0.12070687
    0.22088244
    0.08831916
    0.07732987
    0.07571483
    0.02567501
    0.04929285
    0.05175953
    0.04410583
    0.04160094
    0.03208019
    0.05645491
   -0.40549890
   -0.02677739
    0.19257315
   -0.39143615
    0.19726870
    0.09042737
    0.09538277
   -0.38536687
   -0.03464283
    0.26104310
   -0.51708113
    0.18526541
    0.09001961
    0.09058189
   -0.17409479
    0.01647316
    0.26875505
   -0.49313967
   -0.07891532
   -0.01681915
   -0.11943117
   -0.10219011
    0.22169720
    0.07612405
    0.07501481
    0.03123189
    0.05831217
    0.05327976
    0.02374768
    0.06294309
    0.04545695
    0.03125130
    0.00684699
   -0.19301612
    0.02073665
    0.27993206
   -0.48166576
    0.12786278
   -0.49358512
   -0.13961985
    0.22527308
    0.08292432
    0.03705708
    0.32937753
    0.05132725
    0.06672565
    0.07946262
   -0.17452282
    0.03669390
    0.26932827
   -0.47692468
   -0.01892603
   -0.12850228
    0.21099131
    0.06982273
    0.06919130
    0.06895793
   -0.18552381
    0.01821862
    0.24698192
   -0.48021195
   -0.02450983
   -0.05506295
   -0.13536112
   -0.12987817
    0.21760043
    0.07030923
    0.05574107
    0.03802277
    0.02026561
    0.04336039
    0.05896820
    0.07260240
    0.06324501
    0.04833653
    0.04422577
   -0.11126166
    0.00187467
    0.27943826
   -0.47298759
   -0.08506555
   -0.08644430
   -0.02170005
    0.08067434
    0.07953392
    0.08472145
    0.08453248
    0.09394143
    0.06372515
    0.09262851
   -0.18663480
   -0.00962745
    0.27621075
   -0.49496760
    0.21573957
    0.06438635
    0.07805002
   -0.17376709
    0.02756196
    0.25803494
   -0.46675284
   -0.11922238
    0.27907945
   -0.48953510
   -0.27206235
    0.22074272
    0.10136106
    0.11984208
    0.08027195
    0.21637621
    0.24297973
   -0.12877500
    0.01381887
    0.26231373
   -0.52962241
   -0.07276892
   -0.07964984
   -0.01136914
    0.07586258
    0.07040356
    0.08596429
    0.05808776
    0.09764446
    0.06492506
    0.09881116
   -0.17788897
    0.04001770
    0.25400848
   -0.50990885
   -0.08974936
    0.37156513
   -0.61656554
   -0.64237615
    0.21773773
    0.07617870
    0.04110454
    0.05696575
   -0.16871046
   -0.02392985
    0.25975990
   -0.45474911
    0.23481333
    0.09688844
    0.06349178
   -0.17598868
   -0.00080905
    0.26644467
   -0.46115626
    0.10185717
   -0.46330508
   -0.13514719
    0.22329845
    0.08693182
    0.06234531
    0.34162763
    0.05061625
    0.03841532
    0.06893382
   -0.18487436
    0.03184928
    0.26444992
   -0.50893445
    0.01128822
   -0.37194110
    0.22764753
    0.07084888
    0.04785619
    0.05737503
    0.26180731
   -0.15319146
    0.02824834
    0.26690289
   -0.50325012
   -0.07375008
   -0.00908957
   -0.04956674
   -0.04453266
   -0.05752514
   -0.07995563
    0.14891520
   -0.38777515
    0.23908710
    0.07766070
    0.06049598
    0.06230936
    0.04421267
    0.04396334
    0.06913950
    0.04069469
    0.31501435
   -0.17396083
    0.02839208
    0.27802142
   -0.46284761
   -0.07102928
   -0.00198120
   -0.04529296
   -0.04491637
   -0.06689295
   -0.08440491
    0.13362025
   -0.43699703
    0.22665847
    0.05992339
    0.04884428
    0.06423382
    0.03428443
    0.03789052
    0.06878471
    0.07930218
    0.36472650
   -0.18882582
    0.02291274
    0.35564969
   -0.47069385
   -0.07384406
   -0.00228155
   -0.10741661
   -0.11534619
   -0.34792721
    0.22627850
    0.09278173
    0.05155327
    0.05861324
    0.02634355
    0.04196496
    0.03721097
    0.03516728
    0.05034363
    0.04939581
    0.03721248
    0.40573149
   -0.39614478
   -0.02986850
    0.26260295
   -0.51018941
    0.17555309
    0.07611463
    0.06663943
   -0.17066529
    0.01436567
    0.26779728
   -0.50381520
   -0.08315326
   -0.01153178
   -0.12353975
   -0.12117241
    0.21340052
    0.08627960
    0.06286187
    0.06263649
    0.02838481
    0.04916875
    0.05294807
    0.04234522
    0.04528726
    0.02389451
    0.05652307
   -0.18447563
    0.01921058
    0.20289265
   -0.35427678
    0.12835770
   -0.48106539
   -0.13689867
    0.23203014
    0.10119202
    0.03141007
    0.33422521
    0.05733997
    0.06017712
    0.07454363
   -0.29735364
    0.02890800
    0.20247731
   -0.39864231
   -0.06303252
   -0.07068450
   -0.00127700
    0.03873196
    0.04945154
    0.04614581
    0.06379965
    0.06257232
    0.06615980
    0.03761196
   -0.39457241
    0.01366622
    0.19930328
   -0.35005523
    0.10004696
   -0.46065888
   -0.13751267
    0.18522033
    0.05900248
    0.06710579
    0.33072173
    0.03746818
    0.03298040
    0.06041376
   -0.39689239
    0.03174476
    0.27548616
   -0.46892576
   -0.07888571
   -0.00452750
   -0.04996306
   -0.04302741
   -0.06667821
   -0.06840049
    0.13024501
   -0.43416231
    0.17955208
    0.02895628
    0.05203183
    0.06293645
    0.06601951
    0.05213416
    0.07087663
    0.01709913
    0.30110680
   -0.19578500
    0.02084878
    0.35575299
   -0.48741769
   -0.07691789
   -0.00720951
   -0.12375780
   -0.12429949
   -0.36870184
    0.21523790
    0.09337796
    0.05230145
    0.05318114
    0.03534042
    0.04806500
    0.04474478
    0.05552115
    0.04291105
    0.04992907
    0.05429379
    0.37462901
   -0.40285690
    0.03497937
    0.26918891
   -0.51265782
   -0.07253109
   -0.00903200
   -0.04958426
   -0.04544501
   -0.05843345
   -0.07814423
    0.14790036
   -0.40557821
    0.18183168
    0.05633196
    0.05907934
    0.03971442
    0.02744253
    0.05862587
    0.04422570
    0.03792848
    0.31306998
   -0.18030038
    0.02311450
    0.27632512
   -0.45597664
   -0.09128895
   -0.00145823
   -0.05297064
   -0.04151173
   -0.06490952
   -0.06761256
    0.13506372
   -0.43594739
    0.23584699
    0.06211788
    0.07913527
    0.08801548
    0.06084975
    0.05202463
    0.05724566
    0.03231089
    0.30890762
   -0.19290590
    0.02391507
    0.35390950
   -0.48906697
   -0.07544656
    0.00026974
   -0.11007056
   -0.11485063
   -0.35928796
    0.22122054
    0.08960592
    0.05418709
    0.05031949
    0.03616993
    0.04037103
    0.04374626
    0.04364309
    0.04493986
    0.03802002
    0.04366094
    0.38114955
   -0.38685230
    0.03922976
    0.20535877
   -0.34549412
   -0.05994732
   -0.00792260
   -0.04834731
   -0.04361149
   -0.06801301
   -0.07658632
    0.13604831
   -0.44403600
    0.16505253
    0.04588720
    0.03369037
    0.04882467
    0.05017654
    0.02641746
    0.07391980
    0.04983721
    0.35245576
   -0.39776047
    0.02823257
    0.27396635
   -0.44756035
   -0.08160121
   -0.00133544
   -0.04928050
   -0.04547368
   -0.06374471
   -0.07467581
    0.13145070
   -0.43628249
    0.17792120
    0.03162042
    0.06155165
    0.06536657
    0.07254044
    0.04937455
    0.06876759
    0.01843787
    0.30015629
   -0.19161700
    0.01796756
    0.35397472
   -0.48675619
   -0.08140527
   -0.00903648
   -0.12674343
   -0.12637920
   -0.36226631
    0.19983837
    0.10297100
    0.05345171
    0.05308603
    0.04189284
    0.04637110
    0.04627178
    0.05656151
    0.04928258
    0.04357795
    0.05661022
    0.37539649
    0.07929056
    0.17792450
    0.08324900
    0.16833714
    0.08554646
    0.19619393
    0.04885793
    0.18275372
    0.18771725
    0.11866664
    0.09134185
    0.09601449
    0.17617503
    0.06186808
    0.16885457
    0.09707034
    0.18136041
    0.10749320
    0.18498095
    0.08532178
    0.20415877
    0.06349319
    0.16207972
    0.08753478
    0.17587452
    0.09238908
    0.17008185
    0.17572185
    0.09276490
    0.16531741
    0.06441875
    0.17931012
    0.08086129
    0.20191046
    0.08316392
    0.18740566
    0.09045607
    0.18425664
    0.06883217
    0.16961068
    0.17753668
    0.09621517
    0.18146496
    0.07242892
    0.18731141
