   -0.41157132
    0.04342837
    0.28191142
   -0.47541476
   -0.03618111
   -0.04416475
    0.19653642
    0.04189834
    0.03447325
    0.09276834
   -0.21063321
    0.06171560
    0.28013021
   -0.49473838
   -0.09690961
    0.20855314
    0.04583353
    0.03805829
    0.05896284
    0.04023034
   -0.17513291
    0.04349487
    0.27311919
   -0.49780965
   -0.07032468
    0.00725634
   -0.04506202
   -0.03704336
   -0.02872785
   -0.02778595
   -0.03217447
    0.20290624
    0.06780135
    0.05361583
    0.06248841
    0.03410611
    0.00801025
    0.04533811
    0.04505837
    0.07563041
   -0.21410643
    0.04459749
    0.27941951
   -0.47823402
   -0.04491053
   -0.08727401
    0.36980162
   -0.60996891
   -0.64017006
    0.22050766
    0.02919179
    0.02304452
    0.05967325
    0.02742965
    0.01456126
   -0.19956315
   -0.03053436
    0.26422137
   -0.44159331
    0.22025377
    0.10462708
    0.10632489
   -0.18213194
    0.03784821
    0.27893793
   -0.52333733
   -0.04311983
   -0.08468761
    0.36987420
   -0.64074155
   -0.66781230
    0.18853389
    0.06856344
    0.04743007
    0.01689108
    0.02357608
    0.05594854
   -0.17499503
    0.02122669
    0.29385923
   -0.55103051
    0.08141287
   -0.46334479
    0.23840257
    0.10423522
    0.06312062
    0.04451343
    0.35659965
   -0.16623741
    0.05033974
    0.27003573
   -0.47602445
   -0.00780055
   -0.10714631
    0.24167511
    0.07073107
    0.04665978
    0.04555343
   -0.18587504
    0.04187272
    0.27150285
   -0.50698749
   -0.09395227
    0.28930698
   -0.50260535
   -0.27573277
    0.21354816
    0.07524411
    0.06832805
    0.06549973
    0.24312304
    0.24618382
   -0.16491732
    0.02461847
    0.20882791
   -0.33703099
   -0.00672649
   -0.11094436
   -0.13674564
    0.22238549
    0.07769403
    0.06457392
    0.05171756
    0.01456963
    0.05366388
    0.05482100
    0.06575903
    0.06984693
   -0.39322085
    0.27513589
   -0.56397619
    0.17830095
    0.04781656
    0.03854606
   -0.05665540
    0.00422596
   -0.02614535
   -0.04842478
   -0.04407516
   -0.07686027
    0.14311296
   -0.45112798
    0.02420594
    0.00993942
   -0.00714469
    0.04211519
    0.05207064
    0.07488507
    0.34591083
   -0.07886499
    0.02949216
    0.28830961
   -0.50692934
   -0.07633561
   -0.07094260
   -0.02383666
    0.04183826
    0.06495650
    0.08415175
    0.04949222
    0.11152955
    0.08802664
    0.09425271
   -0.20558824
    0.05208121
    0.27073874
   -0.45871688
   -0.03048880
   -0.10457246
    0.22064470
    0.03834761
    0.07935766
    0.05912853
   -0.19180536
    0.04646221
    0.25674074
   -0.49510366
   -0.01963218
   -0.14988425
    0.21340970
    0.06261073
    0.04431053
    0.08057421
   -0.08235352
    0.00995304
    0.26969621
   -0.48141343
   -0.08048962
   -0.07956110
   -0.02054067
    0.08258414
    0.08288778
    0.07203096
    0.07751555
    0.08920970
    0.06998211
    0.07026393
   -0.17963714
   -0.04986571
    0.27748745
   -0.45404185
    0.24045033
    0.11722691
    0.11283819
   -0.21209265
    0.01610340
    0.26476023
   -0.47408497
   -0.06206369
   -0.00632755
   -0.10868253
   -0.12793447
    0.21460915
    0.09627894
    0.01890460
    0.05717762
    0.04530840
    0.04396358
    0.01366028
    0.04850687
    0.04819189
    0.05805569
    0.04347974
   -0.21520630
   -0.04439690
    0.26919561
   -0.49021107
    0.23388658
    0.11672108
    0.10225707
   -0.18542233
    0.02131320
    0.26067595
   -0.48261185
   -0.07233847
   -0.00619786
   -0.10447600
   -0.10043151
    0.22315838
    0.08231041
    0.06106465
    0.02362125
    0.04358308
    0.04711534
    0.01162986
    0.04702974
    0.04288701
    0.03863995
    0.01500608
   -0.19296987
    0.02808068
    0.27818663
   -0.47656500
    0.13176942
   -0.49695065
   -0.14259587
    0.23208185
    0.06799725
    0.02706137
    0.32679129
    0.06116401
    0.06950070
    0.08547764
   -0.17841606
    0.04308386
    0.26911307
   -0.47649164
   -0.01797105
   -0.09235164
    0.20633231
    0.06332670
    0.05440213
    0.07596242
   -0.18330717
    0.01657899
    0.24366314
   -0.46537356
   -0.02433070
   -0.05061993
   -0.13706216
   -0.12583068
    0.21749274
    0.06361243
    0.06374368
    0.02259205
    0.00405209
    0.06459272
    0.06844854
    0.06646408
    0.07020882
    0.05615627
    0.02886660
   -0.10571015
   -0.00129249
    0.27987806
   -0.48969990
   -0.08931638
   -0.09981760
   -0.03305228
    0.07653776
    0.07861467
    0.09943226
    0.08280364
    0.12600825
    0.07455547
    0.11739734
   -0.17792719
   -0.01097154
    0.19331424
   -0.39551827
    0.22716120
    0.08410247
    0.08333531
   -0.31293032
    0.02240152
    0.25525282
   -0.56117042
   -0.05994580
   -0.07117229
   -0.00308328
    0.04155730
    0.02577782
    0.06214363
    0.04279910
    0.05911764
    0.05849092
    0.05972770
   -0.16182383
    0.03596780
    0.25062271
   -0.49150727
   -0.09595369
    0.37752948
   -0.61404139
   -0.67142742
    0.22973510
    0.06367275
    0.05948190
    0.06607132
   -0.16340316
   -0.03498136
    0.26124255
   -0.46620902
    0.22358519
    0.12155917
    0.06464356
   -0.17622895
    0.00096764
    0.26823381
   -0.45545741
    0.09464718
   -0.43937024
   -0.14041867
    0.23405049
    0.07213396
    0.08288144
    0.33845085
    0.04000337
    0.02840740
    0.09520761
   -0.19594761
    0.04084579
    0.26155330
   -0.50367046
   -0.01302065
   -0.12047030
    0.21745260
    0.05541385
    0.06901749
    0.03861067
   -0.15591583
    0.02641007
    0.26771071
   -0.52164094
   -0.07153277
   -0.01416722
   -0.05106664
   -0.04483297
   -0.05856451
   -0.08047460
    0.15119562
   -0.38180778
    0.23236950
    0.08826248
    0.06929528
    0.05069215
    0.02193940
    0.05594723
    0.06193919
    0.06966312
    0.33252931
   -0.17661227
    0.03380522
    0.27525720
   -0.43557236
   -0.07259681
   -0.00089265
   -0.05255442
   -0.03732602
   -0.06505876
   -0.06450444
    0.13449592
   -0.41297272
    0.24065305
    0.04050603
    0.03923987
    0.08728623
    0.06594708
    0.02774252
    0.08217360
    0.03028942
    0.31079594
   -0.19324070
    0.02245293
    0.35428938
   -0.46945325
   -0.07869240
   -0.00219765
   -0.11163837
   -0.11989517
   -0.37121904
    0.21223898
    0.10059775
    0.04418389
    0.06267745
    0.02897461
    0.04868730
    0.02624143
    0.04142007
    0.05622788
    0.04799970
    0.04925376
    0.38798033
    0.01705710
   -0.48439746
    0.06366609
    0.01986371
    0.07304638
    0.32558096
    0.04957540
   -0.47085548
    0.01695407
    0.05504924
    0.03873769
    0.32036493
    0.02502233
   -0.47981267
    0.06535584
    0.03730674
    0.05195814
    0.29981530
    0.03578679
   -0.47968834
    0.03886920
    0.03508012
    0.03567732
    0.32919877
    0.04195630
   -0.46319691
    0.05900421
    0.07062132
    0.00116284
    0.31688602
    0.03580276
   -0.47403649
    0.02800219
    0.03741247
    0.04897034
    0.32388850
    0.03786251
   -0.50064463
    0.04594910
    0.02609771
    0.05043706
    0.33405345
    0.03000593
   -0.49315823
    0.02879990
    0.04723341
    0.04336698
    0.34577300
   -0.60428170
    0.33541144
    0.29892583
   -0.60099407
    0.30380311
    0.29297581
   -0.63356204
    0.31751527
    0.32020826
   -0.64129272
    0.28740234
    0.31646728
   -0.65129041
    0.29635095
    0.32975472
   -0.62274462
    0.32769269
    0.32555983
   -0.61605469
    0.32782375
    0.30078299
   -0.62055714
    0.31395062
    0.30363684
   -0.62529284
    0.30121729
    0.32785032
   -0.59728896
    0.30410617
    0.28513253
    0.02429661
   -0.46147882
    0.02693368
    0.04818803
    0.08456629
    0.29541789
    0.03023697
   -0.46487064
    0.02616473
    0.04205824
    0.07033468
    0.29515997
    0.01531222
   -0.48381332
    0.04831673
    0.05691177
    0.07780541
    0.32241091
    0.01487843
   -0.48996587
    0.06787063
    0.01548531
    0.06932791
    0.32504676
    0.03653763
   -0.45373690
    0.04948949
    0.05242341
    0.00425331
    0.31527485
    0.05126662
   -0.46080259
    0.01387189
    0.06106933
    0.02986352
    0.31355951
    0.02553289
   -0.47255274
    0.03717329
    0.04749388
    0.03643212
    0.32752885
    0.02733946
   -0.47591206
    0.04539286
    0.04159586
    0.03106771
    0.33526840
    0.02272122
   -0.47461612
    0.07036744
    0.03341824
    0.04900250
    0.29866219
    0.02727787
   -0.47226554
    0.06356681
    0.03645635
    0.04832665
    0.29088817
    0.03511977
   -0.49146232
    0.04314930
    0.03661925
    0.03855963
    0.33758429
    0.02484455
   -0.44934462
    0.03776028
    0.03340649
    0.03813987
    0.32446892
    0.05198729
   -0.45704013
    0.05006758
    0.05239300
   -0.00780961
    0.33450205
    0.02346980
   -0.44042866
    0.07076916
    0.05797798
    0.01598771
    0.29916407
    0.03702162
   -0.45736331
    0.05184435
    0.04681201
    0.01791149
    0.30115008
    0.03459459
   -0.44975871
    0.05260980
    0.05544907
    0.01358846
    0.29100791
    0.05254792
   -0.48111655
    0.04234589
    0.02270504
    0.01816108
    0.33548243
    0.02720344
   -0.48776772
    0.03476748
    0.05043187
    0.04679772
    0.32347195
    0.01369767
   -0.49592717
    0.06678258
    0.05297877
    0.05804507
    0.30693406
   -0.13448687
   -0.52537495
    0.22965712
    0.19196906
   -0.07779955
    0.39424007
   -0.10771077
   -0.48054187
    0.22750687
    0.16114882
   -0.15475860
    0.36589242
   -0.11830722
   -0.51223007
    0.22698556
    0.17708011
   -0.13493499
    0.39292109
   -0.61046251
    0.32684739
    0.31371949
   -0.60969547
    0.32670703
    0.31069019
   -0.60476850
    0.29415863
    0.30608742
   -0.63231150
    0.32208730
    0.30636376
   -0.62450547
    0.31107174
    0.30889286
   -0.62607338
    0.31661244
    0.31687354
   -0.64726996
    0.30574608
    0.30558780
   -0.65790831
    0.30852774
    0.32568212
   -0.62709694
    0.33175977
    0.32335405
   -0.64326507
    0.33685762
    0.30735873
   -0.63272012
    0.32505528
    0.31985093
   -0.62902300
    0.31277671
    0.31460192
   -0.62493479
    0.31167505
    0.32483400
   -0.61811529
    0.32031711
    0.29510149
   -0.64410596
    0.30334067
    0.32730530
   -0.62261056
    0.30856487
    0.31761814
   -0.63699873
    0.33456716
    0.29550995
   -0.61376804
    0.29550792
    0.31118597
   -0.62222606
    0.31426679
    0.29923557
   -0.11153472
   -0.08890888
    0.19358813
   -0.34197908
    0.29142301
    0.29188005
    0.27832321
    0.17995518
    0.16856986
   -0.11426416
   -0.10403991
    0.26725631
   -0.46651597
    0.30031968
    0.30270590
    0.27605434
    0.14497915
    0.14755830
   -0.15794897
    0.00381407
    0.25991406
   -0.45072290
   -0.03163280
   -0.14133166
    0.24327767
    0.10802985
    0.07091929
    0.07505851
   -0.17150823
    0.01469320
    0.26923212
   -0.48109294
   -0.13962338
    0.21552325
    0.08069031
    0.06307143
    0.07201107
    0.08432350
   -0.15525011
    0.01707288
    0.19630677
   -0.35161470
   -0.09150015
    0.01188724
   -0.04496455
   -0.04664142
   -0.03295008
   -0.03360084
   -0.03948623
    0.21727239
    0.11262186
    0.08283617
    0.09551453
    0.06041232
    0.04500754
    0.02072081
    0.03512719
    0.03066039
   -0.12734922
   -0.09915769
    0.26819026
   -0.45705695
    0.30891518
    0.31760020
    0.28031234
    0.15020788
    0.14821790
   -0.15024350
    0.00656639
    0.19691546
   -0.34248422
   -0.03302225
   -0.11194760
    0.23182542
    0.14782069
    0.07958635
    0.09206372
   -0.40697958
    0.02866458
    0.27697775
   -0.47978162
   -0.04499554
   -0.06313415
    0.18804635
    0.05519675
    0.05094107
    0.10632701
   -0.19481184
    0.04596152
    0.27373329
   -0.46824768
   -0.11732014
    0.21200357
    0.04419748
    0.06949821
    0.07659687
    0.03835635
   -0.17961890
    0.04120330
    0.27193859
   -0.49335945
   -0.07182541
    0.00788879
   -0.04452812
   -0.03829252
   -0.02984955
   -0.02974993
   -0.03473785
    0.19303281
    0.08152270
    0.04231349
    0.05921543
    0.04677766
    0.00099484
    0.05263466
    0.03343273
    0.07150723
   -0.21224405
    0.04237470
    0.28017533
   -0.49436504
   -0.04748771
   -0.08873089
    0.36890736
   -0.61570375
   -0.63573200
    0.22085565
    0.04488572
    0.03631911
    0.05106509
    0.01811631
    0.02647129
   -0.19806010
   -0.02734413
    0.26529170
   -0.45927637
    0.22957148
    0.10181086
    0.09441797
   -0.18158917
    0.03637796
    0.27658261
   -0.49046674
   -0.04574990
   -0.09031401
    0.36665149
   -0.64280747
   -0.66863154
    0.19819391
    0.05360489
    0.03628522
    0.03323491
    0.04481384
    0.04455031
   -0.17565271
    0.02008079
    0.28266658
   -0.53778086
    0.07783651
   -0.47977378
    0.22523863
    0.08887513
    0.04916818
    0.04246985
    0.37239112
   -0.12772219
    0.03249850
    0.19087685
   -0.32879997
   -0.00372313
   -0.36548980
    0.23232259
    0.10214029
    0.08944303
    0.06393070
    0.25787458
   -0.39436503
    0.04303573
    0.27127215
   -0.48970603
    0.00083225
   -0.38899577
    0.19054146
    0.05216320
    0.03384588
    0.07063318
    0.25803154
   -0.18101978
    0.03111809
    0.26550729
   -0.50566236
   -0.10142214
    0.28507527
   -0.49369890
   -0.27582295
    0.21466792
    0.07477579
    0.06457577
    0.08358970
    0.22899384
    0.23394997
   -0.17211175
    0.01127132
    0.28141299
   -0.49164919
   -0.01566779
   -0.13193228
   -0.13684809
    0.21643884
    0.08898328
    0.06248823
    0.05499588
    0.04250470
    0.06287418
    0.04575593
    0.06432910
    0.05338836
   -0.18006124
    0.01965398
    0.28318467
   -0.49085008
   -0.07281972
   -0.09616394
    0.29231646
   -0.49898236
   -0.28992022
    0.20701831
    0.07753161
    0.06908657
    0.06742167
    0.06865405
    0.05428229
    0.22858950
    0.24110886
   -0.17893177
    0.01918322
    0.20419573
   -0.35085540
   -0.07649363
    0.01604489
   -0.04227236
   -0.04184344
   -0.04053524
   -0.03166499
   -0.03028175
    0.21861850
    0.10776620
    0.05000791
    0.08195078
    0.05677396
    0.03390387
    0.05424682
    0.02697754
    0.03845224
   -0.39925288
    0.03565793
    0.19943525
   -0.37909261
    0.08579169
   -0.46957449
    0.19307550
    0.05850832
    0.02124554
    0.04322097
    0.32523020
   -0.38560326
    0.26170228
   -0.52164994
    0.15808681
    0.06915126
    0.01788477
   -0.07888747
    0.00392402
   -0.04572139
   -0.04601028
   -0.07076692
   -0.07737439
    0.13011397
   -0.45585795
    0.05017298
    0.05016014
    0.02848353
    0.04462579
    0.08115661
    0.05255545
    0.33315963
   -0.08658993
    0.01102848
    0.28243170
   -0.49367917
   -0.07666252
   -0.07203246
   -0.03182193
    0.07637291
    0.06205004
    0.07955606
    0.04230470
    0.07272015
    0.09715270
    0.08369078
   -0.17690280
    0.02818528
    0.27026882
   -0.47889399
   -0.00546259
   -0.36413887
    0.21560409
    0.08013461
    0.06255163
    0.07226214
    0.25605751
   -0.18383798
    0.03871186
    0.25699928
   -0.45013079
   -0.04474374
   -0.05398357
    0.24478844
    0.04479152
    0.09124327
    0.05987056
   -0.08869485
    0.01130936
    0.26976712
   -0.48170927
   -0.07154489
   -0.06542297
   -0.01194934
    0.10192477
    0.05218994
    0.06722299
    0.04963106
    0.03864303
    0.05958683
    0.06696383
   -0.17925384
   -0.04398453
    0.27836233
   -0.45935020
    0.23661181
    0.09704791
    0.08989551
   -0.20095731
    0.00702780
    0.26416906
   -0.45880704
   -0.07684344
   -0.01201776
   -0.12331172
   -0.13526243
    0.21571005
    0.09988559
    0.03948529
    0.08661458
    0.02639259
    0.07260282
    0.02956794
    0.03646091
    0.07023957
    0.04188914
    0.03763849
   -0.20664854
   -0.04279284
    0.27127537
   -0.49972158
    0.22080155
    0.10085331
    0.11244630
   -0.17516300
    0.02349829
    0.19092200
   -0.36709999
   -0.08134469
   -0.01283714
   -0.12342401
   -0.12793535
    0.21810390
    0.09501018
    0.05968273
    0.06439401
    0.03843077
    0.06113978
    0.04077119
    0.03594651
    0.05462016
    0.04288685
    0.05375022
   -0.39078636
    0.02601259
    0.20017687
   -0.36940814
    0.00092214
   -0.09679851
   -0.12076033
    0.17229078
    0.05260308
    0.02683590
    0.03724942
    0.02984032
    0.02070527
    0.06264062
    0.02638532
    0.05822701
   -0.39805662
    0.03884112
    0.18794089
   -0.34299170
   -0.01486257
   -0.17728680
    0.17368900
    0.07038933
    0.03948252
    0.05915551
   -0.37669783
   -0.03620895
    0.26183089
   -0.51165258
    0.17163648
    0.07372467
    0.09277254
   -0.17285031
    0.01438665
    0.26590601
   -0.50727721
   -0.07401892
   -0.02033646
   -0.12854393
   -0.12543758
    0.21517545
    0.09186439
    0.04847405
    0.03946548
    0.05263198
    0.07315092
    0.04402125
    0.04140175
    0.07302993
    0.03402146
    0.03540399
   -0.19847232
    0.03499730
    0.27842338
   -0.45495827
    0.13465597
   -0.50465746
   -0.14048170
    0.24110748
    0.05126052
    0.01056970
    0.31471600
    0.06916384
    0.07849939
    0.07183540
   -0.18216377
    0.05064772
    0.27289531
   -0.49838747
    0.02087190
   -0.34359164
    0.18467819
    0.07831805
    0.04846900
    0.03059410
    0.25872349
   -0.18069511
    0.01885498
    0.24605353
   -0.44333788
   -0.02628793
   -0.04821980
   -0.13604184
   -0.12636613
    0.23061210
    0.05172080
    0.07502272
    0.00900429
    0.00924964
    0.06899182
    0.06669790
    0.05671326
    0.06416004
    0.06578767
    0.02135561
   -0.10856445
    0.00085711
    0.28142503
   -0.50371326
   -0.08646796
   -0.09728921
   -0.03587134
    0.06880988
    0.06924401
    0.09352397
    0.07742541
    0.12171569
    0.09005784
    0.12036027
   -0.17243740
   -0.02046313
    0.19160791
   -0.39761900
    0.23413337
    0.11932148
    0.08014848
   -0.37360125
   -0.02494358
    0.26857711
   -0.48039088
    0.17542375
    0.08635189
    0.02559009
   -0.18625234
   -0.00157008
    0.26613403
   -0.47066603
    0.10085188
   -0.45372553
   -0.15438224
    0.21788924
    0.08280640
    0.06631581
    0.33764221
    0.05860920
    0.04630075
    0.09166123
   -0.18288867
    0.02258306
    0.26288181
   -0.47961106
   -0.04874660
   -0.04795384
    0.22927724
    0.05250657
    0.11686756
    0.07071045
   -0.15465680
    0.01692216
    0.26732441
   -0.51418045
   -0.07479432
   -0.01380244
   -0.04922473
   -0.04761977
   -0.05755582
   -0.08107583
    0.14886289
   -0.39466330
    0.22109545
    0.09720578
    0.07877189
    0.04744834
    0.01971702
    0.06314985
    0.04941968
    0.06356899
    0.33121011
   -0.16560998
    0.01637903
    0.27787011
   -0.44959546
   -0.08823384
   -0.00452668
   -0.04755723
   -0.05171130
   -0.06075246
   -0.08693133
    0.13789094
   -0.42945554
    0.22796711
    0.06606780
    0.08601212
    0.07595987
    0.05597411
    0.05911332
    0.05048709
    0.06346015
    0.32827981
   -0.19492348
    0.02470851
    0.35634791
   -0.48693891
   -0.07192120
   -0.00033363
   -0.10775432
   -0.11567298
   -0.35828836
    0.22076283
    0.09537991
    0.03868396
    0.04250871
    0.03956572
    0.03261020
    0.02565818
    0.03882314
    0.06173097
    0.03529331
    0.04623694
    0.38817445
   -0.40524806
    0.03332052
    0.27063012
   -0.51220688
   -0.11213214
    0.28029145
   -0.51366669
   -0.27119618
    0.18049503
    0.05369839
    0.07697361
    0.07121168
    0.23771724
    0.23868792
   -0.17527173
    0.01261576
    0.27934104
   -0.49407561
   -0.01718086
   -0.13608657
   -0.13554942
    0.21831893
    0.08639733
    0.05392497
    0.06127829
    0.05258122
    0.05796360
    0.05973643
    0.06302996
    0.04385431
   -0.18239626
    0.01868026
    0.28132602
   -0.50212861
   -0.07504915
   -0.09345913
    0.28797282
   -0.49165566
   -0.28605862
    0.21980353
    0.06933032
    0.07574544
    0.08329449
    0.06519545
    0.04719283
    0.21821026
    0.21060985
   -0.18467711
    0.01431506
    0.27052744
   -0.46305029
   -0.07947453
    0.01308638
   -0.04174548
   -0.04655977
   -0.03823231
   -0.03362384
   -0.02950743
    0.22945023
    0.07657022
    0.06262540
    0.07403208
    0.02614727
    0.06680842
    0.01228813
    0.05722308
    0.03230714
   -0.18578633
    0.26697999
   -0.50282143
    0.22039239
    0.09121996
    0.01496115
   -0.07609420
    0.00763043
   -0.04696887
   -0.04125094
   -0.06818213
   -0.07278247
    0.13504644
   -0.44518370
    0.05665188
    0.07973811
    0.05649200
    0.04026287
    0.07897106
    0.03940005
    0.30927980
   -0.07879060
    0.02138332
    0.20485889
   -0.36075317
   -0.07305822
   -0.07352786
   -0.01358967
    0.08795289
    0.07788783
    0.07431875
    0.06807983
    0.07500792
    0.09101920
    0.04864410
   -0.28509557
    0.01183856
    0.26975198
   -0.49221861
   -0.07136138
   -0.06581919
   -0.00657791
    0.04419860
    0.03597437
    0.06787992
    0.03030335
    0.04636576
    0.07561664
    0.02768065
   -0.19131713
    0.02782833
    0.27315610
   -0.46738564
   -0.00366751
   -0.33592045
    0.22609773
    0.07310799
    0.06510725
    0.06338625
    0.21749505
   -0.17334230
    0.03311635
    0.25785285
   -0.45186647
   -0.04115525
   -0.08024028
    0.21818138
    0.05655734
    0.08478281
    0.06402697
   -0.08789920
    0.01320363
    0.27006514
   -0.48112562
   -0.07008144
   -0.06434659
   -0.01312674
    0.10015170
    0.04279495
    0.06259842
    0.05104298
    0.03601834
    0.06874253
    0.07047725
   -0.17831083
   -0.04129359
    0.28057810
   -0.46135851
    0.23312939
    0.09031350
    0.08830824
   -0.19235800
    0.01346408
    0.18761128
   -0.35813575
   -0.07880418
   -0.01259343
   -0.12227627
   -0.13028678
    0.21946049
    0.11931708
    0.05121393
    0.07612683
    0.03568060
    0.06060089
    0.03402625
    0.04364325
    0.05508890
    0.04650274
    0.04115550
   -0.40033774
    0.02958104
    0.25843539
   -0.47888660
   -0.07865208
   -0.01155034
   -0.12131147
   -0.12581593
    0.18115197
    0.04258643
    0.04564930
    0.03422607
    0.03033886
    0.04983746
    0.03869891
    0.03302908
    0.04821851
    0.04224409
    0.04648333
   -0.18118072
    0.01767570
    0.19949086
   -0.35819207
    0.11423790
   -0.48673512
   -0.15139295
    0.21076850
    0.10122709
    0.05545815
    0.33585919
    0.06483830
    0.06957960
    0.08194560
   -0.40701626
    0.01623417
    0.27137963
   -0.49446247
   -0.01398208
   -0.12274874
   -0.12352740
    0.17258271
    0.05344611
    0.04435745
    0.04753273
    0.04193780
    0.04694205
    0.05299042
    0.04489216
    0.03914533
   -0.18260604
    0.01094994
    0.27978514
   -0.49530708
   -0.07381365
   -0.09339649
    0.28921852
   -0.49796701
   -0.28434406
    0.21797042
    0.07776802
    0.07959735
    0.07406434
    0.06758186
    0.05467094
    0.22292150
    0.19965837
   -0.17560037
    0.01777302
    0.20110808
   -0.35773176
   -0.08398766
    0.01286848
   -0.03916621
   -0.05034404
   -0.03434174
   -0.03086788
   -0.02751661
    0.22352418
    0.09748138
    0.07799301
    0.08085940
    0.03227154
    0.06323201
    0.02474975
    0.05065958
    0.03183692
   -0.39579968
    0.04804573
    0.19294991
   -0.34670301
   -0.01155639
   -0.15801418
    0.17992990
    0.05180237
    0.04780034
    0.05952407
   -0.39475262
    0.03439815
    0.19345716
   -0.37652788
   -0.06357562
   -0.00721711
   -0.10862372
   -0.12958372
    0.16567657
    0.08667516
    0.02683700
    0.04728455
    0.03296017
    0.04273970
    0.01939928
    0.03780683
    0.05123053
    0.04726892
    0.04591474
   -0.37447455
    0.03763143
    0.19635367
   -0.36403688
   -0.06871275
   -0.00373004
   -0.10096928
   -0.09806924
    0.17128388
    0.06128825
    0.06113815
    0.02146916
    0.04213286
    0.02919896
    0.01079648
    0.05090600
    0.02876400
    0.04221280
    0.00978903
   -0.38967090
    0.04322962
    0.20085747
   -0.37053890
   -0.07730263
   -0.00717410
   -0.05739518
   -0.04035651
   -0.06958424
   -0.07403315
    0.14308766
   -0.39940142
    0.17755980
    0.06186637
    0.06105229
    0.06008837
    0.05882501
    0.04669570
    0.06051290
    0.02212398
    0.29807088
   -0.30574673
    0.01429994
    0.27128658
   -0.49498507
   -0.06691697
   -0.07168864
   -0.01573527
    0.05722421
    0.02516400
    0.05543717
    0.04922123
    0.05047063
    0.04199076
    0.06762895
   -0.18438149
   -0.02988214
    0.27152976
   -0.49461441
    0.22856994
    0.08010674
    0.10458481
   -0.17762527
    0.03056277
    0.26038310
   -0.48182699
   -0.11076564
    0.28364067
   -0.48715783
   -0.26987554
    0.22221100
    0.10283213
    0.09648420
    0.08278424
    0.20663506
    0.24315767
   -0.13260937
    0.00984653
    0.25605299
   -0.50711920
   -0.07439918
   -0.07684107
   -0.01134052
    0.09656881
    0.06956411
    0.09215989
    0.05145720
    0.06892982
    0.04606567
    0.08830938
   -0.17127307
    0.03863158
    0.24957172
   -0.50009227
   -0.08867455
    0.37203408
   -0.61671105
   -0.66352231
    0.20377558
    0.07971974
    0.03424405
    0.06630311
   -0.15458581
   -0.03987857
    0.17807779
   -0.35971882
    0.23351453
    0.12978553
    0.13138940
   -0.39308474
    0.04048159
    0.26380111
   -0.50832597
   -0.11003260
    0.28824044
   -0.49337131
   -0.27898389
    0.17690029
    0.05863428
    0.06521863
    0.07220767
    0.19989493
    0.23870325
   -0.10689938
    0.01117520
    0.19945968
   -0.36643933
   -0.07417149
   -0.08519706
   -0.01507998
    0.10805213
    0.08806052
    0.07571466
    0.07434653
    0.08723989
    0.07278134
    0.07187575
   -0.39169996
    0.04375988
    0.20132053
   -0.37210182
   -0.07435115
   -0.00464712
   -0.05238399
   -0.03766794
   -0.07302259
   -0.07042712
    0.13967551
   -0.41247095
    0.17790916
    0.06010604
    0.06114465
    0.05859929
    0.05434291
    0.04296638
    0.05891324
    0.02619527
    0.30909322
   -0.39155038
    0.01631133
    0.27601828
   -0.46023689
    0.11135084
   -0.47100465
   -0.13312938
    0.17768230
    0.04006037
    0.04675654
    0.32917289
    0.03052572
    0.02695201
    0.07094427
   -0.19135378
    0.03516045
    0.26482828
   -0.51252064
    0.01477799
   -0.32110249
    0.21044875
    0.07287803
    0.04231720
    0.04130135
    0.19288846
   -0.14303336
    0.02307592
    0.26382057
   -0.49838420
   -0.07452409
   -0.00968026
   -0.04927383
   -0.04595118
   -0.06469742
   -0.08287826
    0.14725620
   -0.42458248
    0.22638442
    0.08293091
    0.06727800
    0.06530364
    0.04274507
    0.05061322
    0.06362940
    0.05775406
    0.35978160
   -0.17166100
    0.03129456
    0.20533479
   -0.32307084
   -0.06670347
   -0.00590707
   -0.04888389
   -0.04277123
   -0.06731749
   -0.07217684
    0.13662501
   -0.44283123
    0.22765096
    0.06556766
    0.04625895
    0.07410497
    0.05787382
    0.03708152
    0.07496785
    0.05129407
    0.35337316
    0.20137996
    0.08766144
    0.19340563
    0.09922809
    0.17728187
    0.19572713
    0.12271652
    0.19166986
    0.08738687
    0.18626090
    0.06817404
    0.19529153
    0.08376808
    0.12519316
    0.09346160
    0.08621060
    0.20114716
    0.10529681
    0.20017041
    0.07458829
    0.19305596
    0.07577638
    0.19595367
    0.08285431
    0.17347291
    0.08788826
    0.18620066
    0.08914989
    0.17943981
    0.11655646
    0.16410199
    0.19010114
    0.08080546
    0.16993013
    0.08408458
    0.17753107
    0.08525079
    0.17743712
    0.08945621
    0.16977745
    0.08716396
    0.18757906
    0.07212080
    0.17317506
    0.07043608
    0.18612025
    0.07000653
