   -0.41343178
    0.04408596
    0.28818935
   -0.47250663
   -0.03571832
   -0.04247395
    0.19871353
    0.03954808
    0.03182741
    0.09196091
   -0.21063931
    0.07116114
    0.27891262
   -0.49991053
   -0.09636350
    0.20498303
    0.04565620
    0.02944394
    0.07129245
    0.03314026
   -0.17680281
    0.04528464
    0.27329506
   -0.49805880
   -0.06980412
    0.00731741
   -0.04531515
   -0.03637217
   -0.02898350
   -0.02731929
   -0.03229886
    0.20280470
    0.06539016
    0.05335475
    0.06133242
    0.03239302
    0.00851650
    0.04434081
    0.04694053
    0.07602742
   -0.21479826
    0.04506568
    0.27946133
   -0.47809186
   -0.04471732
   -0.08732124
    0.36972974
   -0.60984031
   -0.64022936
    0.21994030
    0.02803280
    0.02216166
    0.05982690
    0.02806024
    0.01399120
   -0.19951941
   -0.03118623
    0.26367178
   -0.43891136
    0.21962943
    0.10562762
    0.10676016
   -0.18214342
    0.03782088
    0.27931107
   -0.52493388
   -0.04181313
   -0.08343477
    0.37014893
   -0.64497736
   -0.65900272
    0.18714430
    0.06950033
    0.04627381
    0.01448804
    0.02228245
    0.05500433
   -0.17452173
    0.02099209
    0.29463277
   -0.54993702
    0.08122168
   -0.46403865
    0.23939505
    0.10469381
    0.06452393
    0.04476814
    0.35658559
   -0.16792282
    0.05405754
    0.26983828
   -0.47710917
   -0.00673845
   -0.10510671
    0.24153952
    0.06779519
    0.04512769
    0.04477267
   -0.18599144
    0.04272942
    0.27170202
   -0.50543170
   -0.09581719
    0.28934947
   -0.50236228
   -0.27610557
    0.21398119
    0.07372897
    0.06820954
    0.06954664
    0.24270974
    0.24579163
   -0.16554855
    0.02394268
    0.20827675
   -0.33681984
   -0.00658632
   -0.10924070
   -0.13575620
    0.22086579
    0.07793635
    0.06648581
    0.04568869
    0.01071042
    0.05881395
    0.05254663
    0.06359625
    0.07101576
   -0.40099205
    0.27250871
   -0.56233462
    0.17494607
    0.03948867
    0.05119763
   -0.07982064
   -0.01155891
   -0.03722702
   -0.05863043
   -0.05052864
   -0.09831879
    0.16640298
   -0.36586819
    0.04772286
    0.02314473
   -0.01220615
    0.06752780
   -0.00803230
    0.05051100
    0.37410097
   -0.07922903
    0.03096286
    0.28940216
   -0.50684967
   -0.07666576
   -0.07089803
   -0.02316023
    0.04029333
    0.06419928
    0.08500571
    0.04797488
    0.11219506
    0.08756115
    0.09455155
   -0.20779411
    0.05495994
    0.27104128
   -0.45962016
   -0.02886761
   -0.10807653
    0.21991487
    0.03709812
    0.07694781
    0.05715560
   -0.19245094
    0.04787488
    0.25674513
   -0.49671030
   -0.01901266
   -0.15066479
    0.21293678
    0.06223687
    0.04250811
    0.08003677
   -0.08241068
    0.01028264
    0.26966062
   -0.48109745
   -0.08051846
   -0.07970592
   -0.02051945
    0.08155426
    0.08295036
    0.07182161
    0.07791594
    0.08994080
    0.07042180
    0.07034044
   -0.17980702
   -0.04984339
    0.27746069
   -0.45356419
    0.24011236
    0.11722925
    0.11324417
   -0.21220907
    0.01614764
    0.26471490
   -0.47378972
   -0.06179849
   -0.00620926
   -0.10824993
   -0.12808163
    0.21421166
    0.09672430
    0.01816999
    0.05716433
    0.04522360
    0.04386528
    0.01293216
    0.04880907
    0.04845456
    0.05850947
    0.04362147
   -0.21530959
   -0.04426980
    0.26930896
   -0.49051058
    0.23379050
    0.11646433
    0.10263431
   -0.18581097
    0.02184432
    0.26107885
   -0.48350397
   -0.07137369
   -0.00587233
   -0.10372607
   -0.10040917
    0.22327043
    0.08220999
    0.06029930
    0.02277621
    0.04355348
    0.04749868
    0.01126794
    0.04653228
    0.04358954
    0.03848645
    0.01502824
   -0.19376169
    0.02951548
    0.27858910
   -0.47636036
    0.13253725
   -0.49794920
   -0.14224937
    0.23238290
    0.06648524
    0.02622239
    0.32604080
    0.06100102
    0.07014015
    0.08505722
   -0.17940862
    0.04542743
    0.26997278
   -0.47853886
   -0.01614012
   -0.09354695
    0.20506550
    0.06273932
    0.05331120
    0.07376200
   -0.18421980
    0.01809503
    0.24346233
   -0.46375878
   -0.02355566
   -0.04987356
   -0.13577207
   -0.12540236
    0.21825368
    0.06164234
    0.06391255
    0.02105870
    0.00388340
    0.06407852
    0.06732689
    0.06517955
    0.06940311
    0.05671932
    0.02867189
   -0.10587353
   -0.00004695
    0.28043111
   -0.49170063
   -0.08885004
   -0.09964923
   -0.03263283
    0.07400083
    0.07777182
    0.09785050
    0.08337517
    0.12631602
    0.07667817
    0.11723703
   -0.17858699
   -0.00948751
    0.19267779
   -0.39678054
    0.22796587
    0.08349132
    0.08123201
   -0.31338891
    0.02316641
    0.25563602
   -0.56163902
   -0.05968842
   -0.07132343
   -0.00301934
    0.04040142
    0.02614086
    0.06237260
    0.04303527
    0.05982146
    0.05849499
    0.05976685
   -0.16232695
    0.03623508
    0.25081947
   -0.49308165
   -0.09606658
    0.37750220
   -0.61390792
   -0.67091916
    0.22949216
    0.06394432
    0.05930914
    0.06684269
   -0.16357442
   -0.03495603
    0.26087503
   -0.46417645
    0.22430017
    0.12175714
    0.06241953
   -0.17576805
    0.00019216
    0.26871582
   -0.45790019
    0.09245830
   -0.43810055
   -0.14243160
    0.23283971
    0.07372979
    0.08292527
    0.34086153
    0.04196224
    0.02716974
    0.09821827
   -0.19618314
    0.04182665
    0.26143405
   -0.50223690
   -0.01291486
   -0.11715509
    0.21858373
    0.05348997
    0.06994353
    0.03732318
   -0.15618490
    0.02651757
    0.26781540
   -0.52303778
   -0.07134430
   -0.01429658
   -0.05116313
   -0.04496453
   -0.05860865
   -0.08049665
    0.15124090
   -0.38193060
    0.23117897
    0.08921750
    0.06962607
    0.04925370
    0.02070336
    0.05735664
    0.06125002
    0.07051479
    0.33275352
   -0.17656956
    0.03393979
    0.27528505
   -0.43544100
   -0.07274126
   -0.00084694
   -0.05229888
   -0.03736724
   -0.06488158
   -0.06462226
    0.13448700
   -0.41283749
    0.24127818
    0.04014395
    0.03971018
    0.08768335
    0.06588537
    0.02758732
    0.08222157
    0.03043875
    0.31083006
   -0.19356198
    0.02251380
    0.35434262
   -0.46916925
   -0.07850556
   -0.00206354
   -0.11123695
   -0.11981826
   -0.37124713
    0.21207151
    0.10065744
    0.04363874
    0.06260834
    0.02878035
    0.04860746
    0.02547189
    0.04081421
    0.05672105
    0.04808657
    0.04896135
    0.38821149
    0.01779006
   -0.48430832
    0.06369838
    0.01899274
    0.07263804
    0.32592822
    0.04880963
   -0.47060167
    0.01690703
    0.05303727
    0.03858323
    0.32282987
    0.02482280
   -0.48028921
    0.06539013
    0.03834543
    0.05175980
    0.29961151
    0.03579840
   -0.47942986
    0.03881937
    0.03513340
    0.03536287
    0.32924693
    0.06165337
   -0.46544042
    0.07887706
    0.07654941
   -0.04506845
    0.31309791
    0.03574378
   -0.47294905
    0.02703861
    0.03714382
    0.04861913
    0.32445183
    0.03931379
   -0.50093519
    0.04413364
    0.02286081
    0.04934410
    0.33667588
    0.02862184
   -0.49319706
    0.02721515
    0.04877716
    0.04534671
    0.34503263
   -0.60433364
    0.33530669
    0.29902142
   -0.60017827
    0.30318837
    0.29275586
   -0.63369952
    0.31714060
    0.32078943
   -0.63779572
    0.28552953
    0.31533161
   -0.65241940
    0.29637989
    0.33083724
   -0.62280535
    0.32733713
    0.32597230
   -0.61556041
    0.32783662
    0.30025230
   -0.62065930
    0.31385983
    0.30383312
   -0.62553478
    0.30109188
    0.32815592
   -0.59627565
    0.30332722
    0.28487248
    0.02256486
   -0.46120159
    0.02745439
    0.04964523
    0.08424523
    0.29514933
    0.03037405
   -0.46465658
    0.02604190
    0.04181525
    0.07032696
    0.29515629
    0.01232937
   -0.48365549
    0.04803132
    0.06006881
    0.07891617
    0.32136312
    0.01113419
   -0.49086602
    0.07119111
    0.01529133
    0.07127333
    0.32515039
    0.03528773
   -0.45602789
    0.05030513
    0.04963226
    0.00605930
    0.31983888
    0.05068393
   -0.46007048
    0.01271365
    0.06003676
    0.03086070
    0.31441743
    0.02506529
   -0.47368527
    0.03680965
    0.04910663
    0.03683284
    0.32752081
    0.02745568
   -0.47537193
    0.04512728
    0.04116080
    0.03082536
    0.33556705
    0.02247911
   -0.47473644
    0.07120685
    0.03376748
    0.04906885
    0.29782501
    0.02711687
   -0.47200279
    0.06364089
    0.03713532
    0.04770700
    0.29068891
    0.03517565
   -0.49127012
    0.04259690
    0.03667730
    0.03841849
    0.33797286
    0.00082484
   -0.41627802
    0.05297830
    0.05761612
    0.05445166
    0.35796630
    0.06333522
   -0.45839785
    0.07408083
    0.06226516
   -0.05082663
    0.32925386
    0.03876907
   -0.44110980
    0.08154012
    0.06724649
   -0.02906731
    0.30046282
    0.03766167
   -0.45786189
    0.05212499
    0.04589907
    0.01793977
    0.30159364
    0.03300453
   -0.44784049
    0.05271098
    0.05596688
    0.01205470
    0.29170156
    0.05228274
   -0.48158058
    0.04005472
    0.02003723
    0.01862162
    0.33853087
    0.02715144
   -0.48798172
    0.03372248
    0.04713238
    0.04525444
    0.32756168
    0.01370090
   -0.49606535
    0.06686749
    0.05321779
    0.05803034
    0.30676255
   -0.13446210
   -0.52563842
    0.22973919
    0.19169627
   -0.07852938
    0.39457402
   -0.10736763
   -0.48077441
    0.22760538
    0.16105481
   -0.15566013
    0.36624308
   -0.11854267
   -0.51222900
    0.22677328
    0.17617128
   -0.13761311
    0.39225564
   -0.61083495
    0.32707288
    0.31378499
   -0.60941895
    0.32646287
    0.31067641
   -0.60454440
    0.29378031
    0.30622546
   -0.63243728
    0.32243492
    0.30613751
   -0.62407489
    0.31044762
    0.30908169
   -0.62624937
    0.31695686
    0.31670518
   -0.64124098
    0.30152273
    0.30383294
   -0.65844500
    0.30876236
    0.32602232
   -0.62734600
    0.33192108
    0.32343316
   -0.64309157
    0.33645099
    0.30759193
   -0.63277771
    0.32517897
    0.31979744
   -0.62894668
    0.31266274
    0.31463784
   -0.62464403
    0.31139314
    0.32480368
   -0.61836049
    0.32051306
    0.29515135
   -0.64445633
    0.30336501
    0.32759222
   -0.62291509
    0.30885334
    0.31753904
   -0.63706744
    0.33501333
    0.29513452
   -0.61348955
    0.29530095
    0.31111280
   -0.62167479
    0.31359507
    0.29937074
   -0.11345816
   -0.08705006
    0.19486768
   -0.34281231
    0.29315960
    0.29849056
    0.27811993
    0.18028818
    0.16534752
   -0.11600953
   -0.10423795
    0.26812861
   -0.47033544
    0.30124273
    0.31042689
    0.27497454
    0.14520456
    0.14788367
   -0.16086972
    0.00780011
    0.26471757
   -0.44674568
   -0.03008042
   -0.14067473
    0.24509605
    0.10322379
    0.06715740
    0.07184174
   -0.17225655
    0.02160617
    0.26872134
   -0.48337592
   -0.13761924
    0.21236899
    0.07642997
    0.05744118
    0.07662789
    0.08022085
   -0.15562296
    0.01769914
    0.19626244
   -0.35240440
   -0.09123397
    0.01166429
   -0.04527515
   -0.04601049
   -0.03324127
   -0.03329116
   -0.03963332
    0.21641815
    0.11190581
    0.08252897
    0.09557733
    0.05956773
    0.04447745
    0.02052297
    0.03734390
    0.03172539
   -0.12736874
   -0.09911416
    0.26791609
   -0.45569537
    0.30934324
    0.31708854
    0.28047867
    0.15008850
    0.14751636
   -0.14993367
    0.00633781
    0.19698865
   -0.34351494
   -0.03376255
   -0.11100549
    0.23111759
    0.14893417
    0.08052909
    0.09390393
   -0.40444758
    0.03351541
    0.28382509
   -0.47529618
   -0.04638410
   -0.05643061
    0.18917871
    0.04220488
    0.04770343
    0.10855676
   -0.19546304
    0.05740109
    0.27287283
   -0.47160905
   -0.11082879
    0.20236995
    0.04224852
    0.06053706
    0.08035071
    0.03099159
   -0.18113161
    0.04343400
    0.27241975
   -0.49525958
   -0.07091085
    0.00778549
   -0.04479379
   -0.03737291
   -0.02991733
   -0.02919459
   -0.03467332
    0.19177572
    0.08001633
    0.04072224
    0.05866566
    0.04615684
   -0.00114271
    0.05365669
    0.03431468
    0.07318120
   -0.21261446
    0.04301059
    0.28055523
   -0.49490268
   -0.04732721
   -0.08862269
    0.36892935
   -0.61496295
   -0.63529121
    0.22112912
    0.04448192
    0.03656330
    0.05099975
    0.01778712
    0.02653967
   -0.19829471
   -0.02691804
    0.26577426
   -0.45974558
    0.22968953
    0.10204342
    0.09439630
   -0.18260066
    0.03840876
    0.27750462
   -0.49243112
   -0.04304749
   -0.08709903
    0.36792040
   -0.64699732
   -0.66050159
    0.19776018
    0.05209756
    0.03436630
    0.03012255
    0.04210790
    0.04218897
   -0.17655447
    0.02152942
    0.28424501
   -0.53804245
    0.07833080
   -0.47995434
    0.22518407
    0.08738645
    0.04870506
    0.04208326
    0.37356397
   -0.13101947
    0.03864533
    0.19470319
   -0.33086053
    0.00334494
   -0.36977540
    0.23108116
    0.10461318
    0.08875656
    0.05882015
    0.25888924
   -0.39415137
    0.04289146
    0.27120862
   -0.48956967
    0.00078136
   -0.38839031
    0.19072954
    0.05236181
    0.03357606
    0.07075679
    0.25722926
   -0.18098124
    0.03106426
    0.26547506
   -0.50549251
   -0.10151387
    0.28505970
   -0.49372774
   -0.27586926
    0.21471331
    0.07472773
    0.06481471
    0.08385512
    0.22902157
    0.23364426
   -0.17217148
    0.01125480
    0.28139986
   -0.49157666
   -0.01565522
   -0.13191523
   -0.13676768
    0.21627806
    0.08909163
    0.06248380
    0.05481562
    0.04263987
    0.06283043
    0.04565219
    0.06408439
    0.05333273
   -0.18008870
    0.01966564
    0.28316332
   -0.49068890
   -0.07276970
   -0.09618507
    0.29231761
   -0.49921894
   -0.28989867
    0.20694033
    0.07746811
    0.06876674
    0.06735924
    0.06853378
    0.05451382
    0.22880431
    0.24118385
   -0.17890427
    0.01912674
    0.20418343
   -0.35067909
   -0.07656792
    0.01606442
   -0.04229517
   -0.04186505
   -0.04054251
   -0.03168828
   -0.03026890
    0.21856886
    0.10787904
    0.05005854
    0.08220633
    0.05707683
    0.03379166
    0.05452333
    0.02650351
    0.03831911
   -0.39909205
    0.03568763
    0.19942612
   -0.37879378
    0.08587836
   -0.46955890
    0.19305015
    0.05835185
    0.02095533
    0.04333504
    0.32504737
   -0.39313282
    0.25876502
   -0.52139220
    0.15277679
    0.05872573
    0.03060225
   -0.09311860
   -0.02060022
   -0.05305450
   -0.07006022
   -0.09210479
   -0.12170523
    0.15375436
   -0.41861413
    0.04760059
    0.05441561
    0.02410113
    0.05057242
    0.02431280
    0.04392378
    0.39842608
   -0.08769088
    0.01283576
    0.28343244
   -0.49481689
   -0.07635097
   -0.07076128
   -0.02919668
    0.07455432
    0.06134227
    0.07937888
    0.04033099
    0.07175125
    0.09555347
    0.08238644
   -0.17869146
    0.03006295
    0.27058573
   -0.47987695
   -0.00525284
   -0.36510845
    0.21563256
    0.07835624
    0.06255725
    0.07215981
    0.25776046
   -0.18445283
    0.04017253
    0.25688286
   -0.44984454
   -0.04495007
   -0.05241531
    0.24440868
    0.04333929
    0.09124270
    0.06036985
   -0.08874266
    0.01146034
    0.26972823
   -0.48140144
   -0.07148541
   -0.06515810
   -0.01139428
    0.10187543
    0.05251063
    0.06683734
    0.04987623
    0.03781090
    0.05942829
    0.06578946
   -0.17913773
   -0.04397239
    0.27841598
   -0.45889611
    0.23663427
    0.09720800
    0.08990025
   -0.20094677
    0.00698085
    0.26412843
   -0.45849972
   -0.07674615
   -0.01194108
   -0.12317748
   -0.13535566
    0.21540619
    0.10018631
    0.03895526
    0.08678216
    0.02604214
    0.07276487
    0.02883293
    0.03670323
    0.07055607
    0.04220191
    0.03771080
   -0.20666047
   -0.04288769
    0.27125785
   -0.49924321
    0.22064222
    0.10105574
    0.11284476
   -0.17520315
    0.02346721
    0.19082253
   -0.36756473
   -0.08111335
   -0.01281602
   -0.12294014
   -0.12805975
    0.21780399
    0.09537621
    0.05894196
    0.06392839
    0.03867497
    0.06134319
    0.03993068
    0.03522081
    0.05498148
    0.04343315
    0.05371076
   -0.39046983
    0.02366094
    0.20016936
   -0.37629159
   -0.00312484
   -0.10007910
   -0.12341760
    0.17161260
    0.05878304
    0.03034039
    0.03432356
    0.02932152
    0.03228116
    0.06185698
    0.03135499
    0.05596934
   -0.39786864
    0.03878377
    0.18788680
   -0.34255717
   -0.01492889
   -0.17549320
    0.17509579
    0.06991043
    0.03972836
    0.05814263
   -0.37673772
   -0.03614783
    0.26182985
   -0.51180208
    0.17162108
    0.07347794
    0.09270291
   -0.17296579
    0.01448773
    0.26601180
   -0.50743890
   -0.07390144
   -0.02031576
   -0.12846939
   -0.12533930
    0.21522486
    0.09170050
    0.04861527
    0.03955568
    0.05244725
    0.07298972
    0.04411477
    0.04154336
    0.07288394
    0.03386501
    0.03541639
   -0.19875304
    0.03546511
    0.27854228
   -0.45562291
    0.13501825
   -0.50453512
   -0.14042449
    0.24103179
    0.05085524
    0.00941536
    0.31451113
    0.06963402
    0.07816171
    0.07164754
   -0.18201427
    0.05112283
    0.27298072
   -0.49801111
    0.02051914
   -0.34425798
    0.18487235
    0.07742431
    0.04903849
    0.03205052
    0.25957914
   -0.18096111
    0.01862526
    0.24607716
   -0.44409169
   -0.02663205
   -0.04824557
   -0.13752096
   -0.12668237
    0.22998677
    0.05228344
    0.07471423
    0.00924464
    0.00840225
    0.06998248
    0.06725102
    0.05856773
    0.06503549
    0.06551939
    0.02047436
   -0.10819203
   -0.00018419
    0.28142126
   -0.50360028
   -0.08770498
   -0.09753967
   -0.03619876
    0.07029848
    0.07028105
    0.09608979
    0.07677095
    0.12227988
    0.08920116
    0.12091289
   -0.17245198
   -0.02068206
    0.19243776
   -0.39513564
    0.23389228
    0.11986648
    0.08119628
   -0.37375991
   -0.02496533
    0.26861219
   -0.48081561
    0.17520156
    0.08656309
    0.02608381
   -0.18630673
   -0.00146637
    0.26616393
   -0.47033427
    0.10084654
   -0.45363064
   -0.15427854
    0.21819735
    0.08260790
    0.06653251
    0.33746953
    0.05836712
    0.04612345
    0.09138635
   -0.18303564
    0.02279544
    0.26285403
   -0.48003694
   -0.04855397
   -0.04858876
    0.22906342
    0.05259054
    0.11612414
    0.07002678
   -0.15472257
    0.01697416
    0.26735068
   -0.51426745
   -0.07490298
   -0.01371142
   -0.04917330
   -0.04761182
   -0.05750084
   -0.08100351
    0.14892656
   -0.39482160
    0.22124458
    0.09705250
    0.07920247
    0.04776587
    0.01982310
    0.06318032
    0.04934510
    0.06315122
    0.33100200
   -0.16573295
    0.01645267
    0.27786777
   -0.44956575
   -0.08821740
   -0.00453121
   -0.04757866
   -0.05169771
   -0.06079525
   -0.08694808
    0.13785196
   -0.42937656
    0.22791463
    0.06598318
    0.08596109
    0.07592981
    0.05603122
    0.05903653
    0.05067560
    0.06335943
    0.32819185
   -0.19493683
    0.02470937
    0.35630981
   -0.48674089
   -0.07184722
   -0.00028823
   -0.10772875
   -0.11566861
   -0.35841738
    0.22068596
    0.09547998
    0.03842814
    0.04238392
    0.03973718
    0.03226356
    0.02553638
    0.03908851
    0.06182023
    0.03519319
    0.04632623
    0.38815194
   -0.40504579
    0.03361414
    0.27098822
   -0.51279188
   -0.11375597
    0.28055450
   -0.51408065
   -0.27128737
    0.17922025
    0.05374076
    0.07745947
    0.07440213
    0.23781321
    0.23837310
   -0.17558102
    0.01287553
    0.27933305
   -0.49459198
   -0.01716333
   -0.13608085
   -0.13558256
    0.21849880
    0.08575619
    0.05390082
    0.06150397
    0.05233624
    0.05815552
    0.05976924
    0.06329213
    0.04372756
   -0.18249788
    0.01886171
    0.28124272
   -0.50302832
   -0.07490758
   -0.09331428
    0.28799703
   -0.49169649
   -0.28613475
    0.21980463
    0.06886179
    0.07541519
    0.08319932
    0.06487945
    0.04730925
    0.21821360
    0.21054826
   -0.18553953
    0.01348392
    0.26444041
   -0.46695014
   -0.08128198
    0.01344585
   -0.04174480
   -0.04659619
   -0.03843705
   -0.03375750
   -0.02970264
    0.22901880
    0.07535894
    0.06326657
    0.07402346
    0.02641959
    0.06656232
    0.01181628
    0.05643453
    0.03130785
   -0.17965116
    0.26400681
   -0.50000671
    0.21966561
    0.08415246
    0.02470247
   -0.08742786
   -0.01307691
   -0.04113761
   -0.05853189
   -0.07666628
   -0.11193085
    0.15904693
   -0.37361369
    0.05170907
    0.07321177
    0.04180743
    0.04759287
    0.04426190
    0.03724408
    0.37332824
   -0.07948416
    0.02243076
    0.20485040
   -0.36079510
   -0.07295999
   -0.07304845
   -0.01176397
    0.08695941
    0.07805150
    0.07427617
    0.06731523
    0.07499442
    0.08975022
    0.04771528
   -0.28344703
    0.01036404
    0.26982208
   -0.49305069
   -0.07496511
   -0.06818216
   -0.00819234
    0.04660399
    0.03871401
    0.07179434
    0.03050999
    0.04983992
    0.07545673
    0.03067889
   -0.19130145
    0.02772277
    0.27303968
   -0.46603662
   -0.00368630
   -0.33482417
    0.22685396
    0.07285244
    0.06504355
    0.06246985
    0.21520851
   -0.17343402
    0.03297855
    0.25788680
   -0.45265232
   -0.04055385
   -0.08238802
    0.21755430
    0.05742391
    0.08356974
    0.06336197
   -0.08778957
    0.01317589
    0.27005429
   -0.48137133
   -0.07021251
   -0.06440241
   -0.01349732
    0.09995230
    0.04222253
    0.06302198
    0.05065840
    0.03645925
    0.06897745
    0.07173778
   -0.17840677
   -0.04130289
    0.28059327
   -0.46125475
    0.23287291
    0.09035470
    0.08844775
   -0.19244814
    0.01351220
    0.18765703
   -0.35837890
   -0.07873692
   -0.01257664
   -0.12214869
   -0.13030775
    0.21939604
    0.11936159
    0.05116314
    0.07597540
    0.03581777
    0.06045951
    0.03404198
    0.04368874
    0.05498902
    0.04662672
    0.04122294
   -0.40059156
    0.02968108
    0.25854545
   -0.47878710
   -0.07851664
   -0.01153485
   -0.12129353
   -0.12577296
    0.18137491
    0.04238451
    0.04599194
    0.03419392
    0.03029320
    0.04985892
    0.03891248
    0.03332827
    0.04829379
    0.04193036
    0.04642376
   -0.18142402
    0.01797339
    0.19972503
   -0.35792914
    0.11437157
   -0.48728678
   -0.15136977
    0.21082143
    0.10087961
    0.05506778
    0.33544824
    0.06501400
    0.06993890
    0.08171072
   -0.40576444
    0.01365123
    0.26848473
   -0.50081855
   -0.01537913
   -0.12296418
   -0.12770002
    0.17227002
    0.05775661
    0.04189566
    0.04459494
    0.04182533
    0.05145777
    0.05395880
    0.04878622
    0.04026347
   -0.18010689
    0.01013353
    0.27969778
   -0.49452650
   -0.07425553
   -0.09340818
    0.28927249
   -0.49748292
   -0.28456445
    0.21905283
    0.07835376
    0.08073304
    0.07428105
    0.06726423
    0.05497313
    0.22290504
    0.19932861
   -0.17511829
    0.01759674
    0.20102961
   -0.35784010
   -0.08399843
    0.01278086
   -0.03924071
   -0.05036650
   -0.03433441
   -0.03079449
   -0.02742468
    0.22379928
    0.09770806
    0.07804028
    0.08074588
    0.03239857
    0.06327081
    0.02469823
    0.05050410
    0.03171295
   -0.37898351
    0.18989869
   -0.38593351
    0.17188600
    0.07076853
    0.04047758
   -0.09725764
   -0.01032539
   -0.04564748
   -0.05641365
   -0.05231479
   -0.09803724
    0.16302541
   -0.37912920
    0.06644700
    0.05487554
    0.01780845
    0.07090474
   -0.00727223
    0.03572646
    0.36117838
   -0.39580976
    0.04847173
    0.19270998
   -0.34659630
   -0.01083628
   -0.16174460
    0.17800290
    0.05249408
    0.04609820
    0.06072533
   -0.39442446
    0.03430066
    0.19340794
   -0.37672040
   -0.06334047
   -0.00721692
   -0.10809156
   -0.12971394
    0.16556550
    0.08709453
    0.02605754
    0.04683059
    0.03341583
    0.04198744
    0.01835448
    0.03786932
    0.05106212
    0.04765066
    0.04658762
   -0.37396662
    0.03754646
    0.19628532
   -0.36339263
   -0.06856420
   -0.00362049
   -0.10001638
   -0.09801023
    0.17141724
    0.06148023
    0.06089028
    0.02056016
    0.04283440
    0.02875182
    0.00899120
    0.05049535
    0.02865363
    0.04308053
    0.00916416
   -0.38966399
    0.04311452
    0.20084098
   -0.37077563
   -0.07772074
   -0.00700734
   -0.05751645
   -0.04042693
   -0.06972474
   -0.07400693
    0.14296838
   -0.40001723
    0.17752604
    0.06225061
    0.06203502
    0.06030086
    0.05891702
    0.04770652
    0.05994597
    0.02184401
    0.29763806
   -0.30563160
    0.01457787
    0.27128427
   -0.49516267
   -0.06654790
   -0.07150198
   -0.01541950
    0.05650917
    0.02468610
    0.05434418
    0.04942681
    0.05043347
    0.04315797
    0.06724656
   -0.18430048
   -0.02994626
    0.27152663
   -0.49459817
    0.22891570
    0.08058967
    0.10468404
   -0.17762377
    0.03066405
    0.26046383
   -0.48238933
   -0.11061682
    0.28362869
   -0.48675532
   -0.26994781
    0.22235862
    0.10275757
    0.09602666
    0.08265505
    0.20637797
    0.24303176
   -0.13254587
    0.00980918
    0.25598211
   -0.50685511
   -0.07437763
   -0.07684436
   -0.01125659
    0.09650118
    0.06992943
    0.09196330
    0.05180168
    0.06876152
    0.04592558
    0.08774160
   -0.17116415
    0.03842289
    0.24960205
   -0.50039813
   -0.08888702
    0.37200072
   -0.61694448
   -0.66336495
    0.20353694
    0.08002551
    0.03437150
    0.06697291
   -0.15445547
   -0.04007737
    0.17792948
   -0.35916699
    0.23382283
    0.13005801
    0.13087983
   -0.39321575
    0.04047614
    0.26378742
   -0.50838778
   -0.11006834
    0.28819639
   -0.49331394
   -0.27900162
    0.17701020
    0.05847754
    0.06510242
    0.07234707
    0.19997829
    0.23900795
   -0.10693824
    0.01119678
    0.19945288
   -0.36647291
   -0.07416151
   -0.08519208
   -0.01502900
    0.10801702
    0.08802645
    0.07561788
    0.07437724
    0.08721674
    0.07279805
    0.07174363
   -0.39159767
    0.04364507
    0.20125575
   -0.37185785
   -0.07505668
   -0.00441476
   -0.05245687
   -0.03788474
   -0.07310551
   -0.07056973
    0.13940867
   -0.41272558
    0.17820654
    0.06016473
    0.06196611
    0.05941378
    0.05522972
    0.04335169
    0.05903724
    0.02501489
    0.30821755
   -0.39188730
    0.01676140
    0.27604091
   -0.45872110
    0.11116583
   -0.47028266
   -0.13270258
    0.17878687
    0.03858659
    0.04778115
    0.32856774
    0.02925527
    0.02686266
    0.07107688
   -0.19150273
    0.03532949
    0.26493956
   -0.51298955
    0.01541443
   -0.32023323
    0.20899952
    0.07338226
    0.04165896
    0.04211853
    0.18844165
   -0.14275691
    0.02301150
    0.26376753
   -0.49807511
   -0.07459977
   -0.00969699
   -0.04926490
   -0.04591349
   -0.06468794
   -0.08287764
    0.14731008
   -0.42410040
    0.22679510
    0.08269210
    0.06703210
    0.06568539
    0.04311813
    0.04996549
    0.06431980
    0.05769682
    0.35984063
   -0.17163456
    0.03123084
    0.20527824
   -0.32262585
   -0.06662786
   -0.00595907
   -0.04887834
   -0.04272029
   -0.06730682
   -0.07216930
    0.13667066
   -0.44242816
    0.22750312
    0.06543525
    0.04562755
    0.07405404
    0.05802554
    0.03650213
    0.07542816
    0.05138377
    0.35350881
    0.20177909
    0.08700761
    0.19661457
    0.09823177
    0.17633782
    0.19526121
    0.12281386
    0.19177338
    0.08747394
    0.18666695
    0.06793499
    0.19552935
    0.08423177
    0.12081851
    0.09398676
    0.08601568
    0.20271102
    0.09945650
    0.20035782
    0.07459925
    0.19294358
    0.07584163
    0.19873462
    0.08302556
    0.17390410
    0.08597688
    0.18639054
    0.08828295
    0.17954476
    0.11691047
    0.16453242
    0.18958321
    0.08059335
    0.17056705
    0.08379591
    0.17757241
    0.08493583
    0.17797675
    0.08993349
    0.20464662
    0.08375297
    0.16840413
    0.08892987
    0.18787652
    0.07249579
    0.17336233
    0.07062430
    0.18670620
    0.06975209
