   -0.12356378
   -0.09804836
    0.27345069
   -0.46204685
    0.29091324
    0.30760744
    0.30900293
    0.18621557
    0.12981595
   -0.15407385
    0.00994635
    0.27661965
   -0.47134362
   -0.04948856
   -0.01530326
    0.23133119
    0.09942890
    0.05988005
    0.12834816
   -0.19412864
    0.05911864
    0.27519521
   -0.48726943
   -0.10395709
    0.21614313
    0.05305279
    0.03955305
    0.07594372
    0.02947670
   -0.17258208
    0.03745109
    0.27206038
   -0.48999481
   -0.06938605
    0.00365589
   -0.04130643
   -0.03716582
   -0.03072429
   -0.02813522
   -0.03204713
    0.20172862
    0.07473071
    0.05534527
    0.05422481
    0.01777876
    0.01327420
    0.05436948
    0.05639646
    0.07505619
   -0.19828286
    0.03844897
    0.27883853
   -0.47869370
   -0.04749090
   -0.08748381
    0.37439444
   -0.61664397
   -0.65878062
    0.20753933
    0.04050072
    0.04008403
    0.05701637
    0.02325147
    0.02375082
   -0.19961484
   -0.02966820
    0.26440844
   -0.45435785
    0.22236401
    0.09978710
    0.10191797
   -0.18168703
    0.03662525
    0.27874250
   -0.51961822
   -0.04477605
   -0.08617216
    0.36844727
   -0.63617153
   -0.65770957
    0.19449925
    0.06007963
    0.04587578
    0.02544991
    0.03029021
    0.04719245
   -0.17551380
    0.02022230
    0.29171482
   -0.53389942
    0.07891686
   -0.45516740
    0.23489548
    0.09840035
    0.05000628
    0.05034013
    0.34951007
   -0.16273552
    0.04420367
    0.27030783
   -0.48816617
   -0.01715803
   -0.10861174
    0.23366973
    0.08608368
    0.06477735
    0.06458699
   -0.18464277
    0.03701006
    0.26492278
   -0.49226771
   -0.10058730
    0.28271822
   -0.48569176
   -0.27112693
    0.22684093
    0.06451094
    0.06726760
    0.07946130
    0.23343312
    0.24846575
   -0.16784681
    0.00781468
    0.26806623
   -0.44447515
   -0.01759866
   -0.10993586
   -0.14071141
    0.20843280
    0.09016998
    0.08648551
    0.02713544
    0.00998536
    0.06149589
    0.03797662
    0.05366003
    0.07997229
   -0.16511410
    0.00541253
    0.27481008
   -0.46281894
   -0.07699126
   -0.09869144
    0.28618175
   -0.49335677
   -0.27799479
    0.20362315
    0.10146579
    0.07310562
    0.06698827
    0.07074649
    0.06103183
    0.22830076
    0.22181773
   -0.18070119
    0.00308276
    0.26053539
   -0.43919778
   -0.08094648
    0.01456856
   -0.04270976
   -0.04235282
   -0.03853377
   -0.03234335
   -0.03251851
    0.20654660
    0.11350843
    0.03396854
    0.08320718
    0.06086902
    0.02825504
    0.05082500
    0.03248220
    0.04046289
   -0.18358201
    0.26599055
   -0.55347696
    0.20907346
    0.10011494
    0.02215514
   -0.08375136
   -0.01238775
   -0.03833281
   -0.06551957
   -0.05600799
   -0.11590174
    0.15966593
   -0.38367533
    0.06050742
    0.03379967
   -0.00392617
    0.08667213
   -0.00304724
    0.07103922
    0.39923279
   -0.07793468
    0.02229943
    0.28393619
   -0.49761356
   -0.08696283
   -0.07737756
   -0.02850606
    0.04226849
    0.07208944
    0.09675014
    0.06443371
    0.11258063
    0.10812988
    0.08041875
   -0.19986627
    0.04067977
    0.26841463
   -0.44790360
   -0.03307958
   -0.11196748
    0.21815404
    0.04751385
    0.08412823
    0.06552294
   -0.18595109
    0.03419701
    0.25866187
   -0.50618922
   -0.02025364
   -0.17129560
    0.21446584
    0.08040833
    0.04447950
    0.08451011
   -0.08315348
    0.02169147
    0.19910952
   -0.37000835
   -0.07864084
   -0.08016595
   -0.02728607
    0.09193294
    0.08402142
    0.08865450
    0.07886025
    0.09814427
    0.08411025
    0.08460554
   -0.38683449
   -0.03715509
    0.26076944
   -0.50788803
    0.18685651
    0.09733801
    0.09470670
   -0.17516996
    0.01708679
    0.26294589
   -0.48305785
   -0.07122974
   -0.01696015
   -0.10868818
   -0.10774577
    0.21546220
    0.08279731
    0.06012778
    0.02266769
    0.06126754
    0.04530324
    0.01270621
    0.05558826
    0.05054427
    0.04236866
    0.01007384
   -0.19440304
    0.02840509
    0.27961217
   -0.47755811
    0.13188710
   -0.50115923
   -0.14237619
    0.23049661
    0.07098238
    0.03091781
    0.32341798
    0.05588730
    0.07386500
    0.08343580
   -0.18001650
    0.04776874
    0.27128173
   -0.48764172
   -0.01683528
   -0.11670708
    0.20612591
    0.06210908
    0.07020167
    0.07023048
   -0.18876549
    0.02191966
    0.24470221
   -0.46529118
   -0.02359428
   -0.05068666
   -0.13666892
   -0.12854652
    0.22012280
    0.05878774
    0.06339169
    0.02322385
    0.00929258
    0.05416653
    0.07219109
    0.06541251
    0.07019625
    0.05728071
    0.03715725
   -0.11051947
    0.00569074
    0.28285743
   -0.49194443
   -0.08381618
   -0.08603744
   -0.02457502
    0.07763472
    0.06266400
    0.09386699
    0.07464206
    0.10364117
    0.07043949
    0.11332710
   -0.19080163
   -0.00815566
    0.27747800
   -0.49657354
    0.22283689
    0.07012979
    0.07963658
   -0.17322459
    0.03227773
    0.25982455
   -0.46843351
   -0.11091115
    0.27885287
   -0.47554237
   -0.27070598
    0.22991681
    0.09309652
    0.10034292
    0.06674572
    0.20471231
    0.25643594
   -0.13221967
    0.01335796
    0.25724936
   -0.52645683
   -0.07633889
   -0.08168630
   -0.01424482
    0.07578239
    0.07123335
    0.09505548
    0.06293882
    0.09041541
    0.06561214
    0.09555457
   -0.17431724
    0.04220351
    0.25309647
   -0.51238688
   -0.09274693
    0.36998383
   -0.61276059
   -0.62794671
    0.21826695
    0.07555139
    0.04515167
    0.06524726
   -0.16766563
   -0.02758992
    0.26022974
   -0.45773405
    0.23639190
    0.10725986
    0.05770644
   -0.17640055
    0.00090815
    0.26845864
   -0.46123110
    0.09516672
   -0.44724814
   -0.14078406
    0.22801818
    0.07772443
    0.07731884
    0.34085416
    0.04374310
    0.03312783
    0.09173941
   -0.19471725
    0.03998032
    0.26114148
   -0.50495763
   -0.01631178
   -0.11611962
    0.22116365
    0.05457179
    0.06750027
    0.04638050
   -0.15444451
    0.02602228
    0.26614663
   -0.51469988
   -0.07116403
   -0.01305121
   -0.05007598
   -0.04467156
   -0.05744507
   -0.07953448
    0.15112905
   -0.38768940
    0.23260648
    0.08550568
    0.06424950
    0.05175381
    0.02947458
    0.05356127
    0.06420775
    0.06045057
    0.32663390
   -0.17247925
    0.02732680
    0.27685812
   -0.45435249
   -0.07424957
   -0.00242033
   -0.04592542
   -0.04627811
   -0.06682935
   -0.08474567
    0.13419263
   -0.43919666
    0.23410741
    0.05440286
    0.04931310
    0.07298726
    0.04221606
    0.03450769
    0.07009303
    0.07328015
    0.36210744
   -0.18956063
    0.02167932
    0.35504795
   -0.46974297
   -0.07765692
   -0.00193732
   -0.11088659
   -0.11795599
   -0.35059038
    0.22245648
    0.09698920
    0.04873249
    0.06478619
    0.02628359
    0.04936753
    0.02829753
    0.03757898
    0.05149333
    0.05226752
    0.04283869
    0.40316965
    0.01331004
   -0.46380297
    0.04070322
    0.05649265
    0.09526816
    0.29047482
    0.01351681
   -0.47472587
    0.05621206
    0.00780890
    0.08583261
    0.31330147
    0.00542168
   -0.46486858
    0.06543401
    0.07053240
    0.05352186
    0.34519849
    0.05853300
   -0.45565256
    0.07064354
    0.07990457
   -0.05652057
    0.32022366
    0.02880701
   -0.45791659
    0.02493230
    0.04375988
    0.04587603
    0.31267419
    0.03637435
   -0.50170552
    0.05039908
    0.01599501
    0.04476925
    0.34447726
    0.02063806
   -0.49311045
    0.03254532
    0.05864253
    0.05294485
    0.33085905
   -0.11481701
   -0.48160473
    0.23312669
    0.19069880
   -0.06356980
    0.37440818
   -0.60020553
    0.30438040
    0.29020767
   -0.62534850
    0.31353097
    0.31542423
   -0.64074615
    0.28824477
    0.31435272
   -0.64459041
    0.29038880
    0.32977143
   -0.59616489
    0.30038438
    0.28794399
   -0.39805067
    0.04019475
    0.20163027
   -0.36262985
   -0.03927569
   -0.08909428
    0.37601968
   -0.65615689
   -0.64804162
    0.16632613
    0.04134197
    0.02483407
    0.04568441
    0.01635759
    0.02230351
   -0.30072307
    0.02536112
    0.18936293
   -0.39910644
   -0.06266609
   -0.06891015
   -0.00327170
    0.07422964
    0.04302481
    0.06347395
    0.04547956
    0.04546799
    0.05808876
    0.04298199
    0.00914883
   -0.44984650
    0.03678069
    0.04697164
    0.07970572
    0.30841159
    0.01167037
   -0.47430326
    0.04907980
    0.06143899
    0.07824664
    0.30772818
    0.00555071
   -0.47593049
    0.03809262
    0.03923190
    0.07305825
    0.32377873
    0.01415585
   -0.48698978
    0.06172896
    0.01685944
    0.07072446
    0.32648751
    0.02870253
   -0.45437096
    0.03882843
    0.06501780
    0.00943940
    0.30584757
    0.03746397
   -0.45738636
    0.04733184
    0.05241349
    0.00898185
    0.31589212
    0.03363584
   -0.45702020
    0.01785732
    0.06114358
    0.03996394
    0.31115914
    0.02620793
   -0.47206521
    0.04339987
    0.04560488
    0.03728494
    0.32153237
    0.02164529
   -0.47088077
    0.05093222
    0.04211271
    0.03041182
    0.33017863
    0.03299963
   -0.48290285
    0.04858334
    0.03117350
    0.03433090
    0.33124516
    0.03328331
   -0.46916754
    0.05629614
    0.03558480
    0.04371607
    0.29794830
    0.02788381
   -0.46178097
    0.05921397
    0.03155476
    0.03859730
    0.29832554
    0.00750925
   -0.43671659
    0.04595775
    0.04175842
    0.06344444
    0.34153846
    0.01247570
   -0.43622891
    0.04413414
    0.04874815
    0.04542803
    0.35035612
    0.03920811
   -0.44798579
    0.08550934
    0.07286407
   -0.03407707
    0.30119934
    0.05685583
   -0.47167754
    0.07371294
    0.06677658
   -0.04694380
    0.34030398
    0.04443814
   -0.45133511
    0.07492026
    0.06124782
   -0.03588285
    0.29616811
    0.03228574
   -0.45758425
    0.05596113
    0.04026410
    0.02189015
    0.30459790
    0.03614383
   -0.45186538
    0.05119951
    0.04846711
    0.01893120
    0.29463836
    0.02301880
   -0.49588870
    0.03457903
    0.05303540
    0.05315683
    0.32587953
    0.04155043
   -0.50316588
    0.04461154
    0.02305951
    0.02432714
    0.34119373
    0.01391587
   -0.51569787
    0.06334207
    0.05905805
    0.05197874
    0.32739127
    0.02629179
   -0.50053642
    0.04113682
    0.05763951
    0.05677251
    0.32088832
   -0.12133016
   -0.55993324
    0.22818112
    0.17704743
   -0.13037145
    0.43065161
   -0.60926673
    0.32795285
    0.30964415
   -0.60240156
    0.32176346
    0.31065450
   -0.63098565
    0.32340910
    0.30376991
   -0.64653839
    0.30878637
    0.34468355
   -0.62437026
    0.31625323
    0.31549006
   -0.63374221
    0.31845174
    0.31486469
   -0.62957702
    0.29128935
    0.30044762
   -0.65426773
    0.31552533
    0.31971676
   -0.65151425
    0.30612623
    0.32033933
   -0.61062689
    0.32107362
    0.31830798
   -0.63395494
    0.34128636
    0.30682220
   -0.64090464
    0.33171655
    0.32196006
   -0.64055481
    0.31243628
    0.32814757
   -0.63518422
    0.32000584
    0.31344092
   -0.64686042
    0.34102181
    0.30401640
   -0.62872364
    0.32795082
    0.29785440
   -0.63560449
    0.31576870
    0.31891529
   -0.65632238
    0.30102394
    0.34222481
   -0.62369865
    0.30883226
    0.31940897
   -0.62417280
    0.32445915
    0.29284421
   -0.63064556
    0.32337469
    0.30180988
   -0.11718133
   -0.10086026
    0.26998473
   -0.47459303
    0.30188591
    0.30752220
    0.27065130
    0.14482651
    0.14574448
   -0.16075103
    0.00890661
    0.26486622
   -0.44728559
   -0.03208252
   -0.12970548
    0.24595425
    0.10108170
    0.07108433
    0.07317151
   -0.17273036
    0.02146277
    0.26975952
   -0.47982244
   -0.13651053
    0.21470035
    0.07700622
    0.05494159
    0.07840513
    0.07995990
   -0.15705622
    0.01914228
    0.19696069
   -0.34787234
   -0.08731580
    0.01045352
   -0.04183989
   -0.04616406
   -0.03108179
   -0.03376313
   -0.03998118
    0.21626689
    0.10735477
    0.08030834
    0.08666019
    0.04327577
    0.05028264
    0.02257057
    0.04056255
    0.03712362
   -0.11445169
   -0.08555341
    0.19617619
   -0.33535132
    0.30264381
    0.29471533
    0.28471287
    0.16828864
    0.16048432
   -0.38537880
    0.03317235
    0.20335549
   -0.36679187
   -0.02267353
   -0.12590567
    0.17698878
    0.10543630
    0.06706371
    0.07491730
   -0.12693171
   -0.09299120
    0.27248161
   -0.47295732
    0.28998385
    0.30184474
    0.32339520
    0.16579694
    0.13459454
   -0.16014871
    0.02230725
    0.27677046
   -0.46277272
    0.00207304
   -0.38367730
    0.24467832
    0.08733967
    0.05533503
    0.09804848
    0.25827073
   -0.19463360
    0.05741055
    0.27065874
   -0.47804835
   -0.09822999
    0.21781570
    0.04526657
    0.04666433
    0.06861085
    0.02270983
   -0.18025259
    0.03854956
    0.27186891
   -0.50380937
   -0.07120385
    0.00492951
   -0.04320736
   -0.03973743
   -0.03285448
   -0.03089558
   -0.03447357
    0.19037853
    0.08496066
    0.03978563
    0.05952405
    0.04025546
   -0.00159695
    0.06470084
    0.04411738
    0.07756144
   -0.21034624
    0.03941230
    0.27927946
   -0.49314789
   -0.04959048
   -0.09109893
    0.36866021
   -0.61737344
   -0.63480989
    0.22446780
    0.04757071
    0.04015264
    0.05325480
    0.01858096
    0.03037032
   -0.19942307
   -0.03113959
    0.26456584
   -0.46276435
    0.23306778
    0.10810181
    0.09744469
   -0.18393244
    0.04077334
    0.27959757
   -0.49828115
   -0.04299927
   -0.08264921
    0.36692905
   -0.63605526
   -0.65619615
    0.20252138
    0.04668026
    0.03855157
    0.03290620
    0.03131313
    0.03155536
   -0.18076274
    0.02822568
    0.29328299
   -0.54582998
    0.08621487
   -0.44818658
    0.22136683
    0.10240728
    0.03595380
    0.03430979
    0.33341338
   -0.16300818
    0.04952567
    0.26935204
   -0.48834388
   -0.01856779
   -0.14435988
    0.23781521
    0.06837262
    0.06779802
    0.05555071
   -0.17926849
    0.04400004
    0.17656940
   -0.37344165
   -0.09081775
    0.28873522
   -0.48144236
   -0.27763297
    0.22425683
    0.06848914
    0.05978693
    0.07311339
    0.23308110
    0.24489392
   -0.39705615
    0.03120571
    0.19927758
   -0.38881249
    0.07778209
   -0.47109873
    0.19380429
    0.07316807
    0.03532315
    0.04515040
    0.33097393
   -0.38968047
    0.04479336
    0.27329424
   -0.49127433
    0.01235248
   -0.38305141
    0.17877459
    0.05652700
    0.03648372
    0.05101239
    0.23965235
   -0.18439555
    0.02587474
    0.26515589
   -0.51210296
   -0.11108150
    0.28236493
   -0.50039248
   -0.26145732
    0.21560047
    0.08848764
    0.08378170
    0.08359166
    0.22857798
    0.24529660
   -0.16507921
    0.00379821
    0.27286199
   -0.47391748
   -0.02372014
   -0.13024654
   -0.13914732
    0.22768593
    0.09939593
    0.07923120
    0.05185054
    0.04102633
    0.07155772
    0.05385994
    0.06629247
    0.04859478
   -0.16920677
    0.01059698
    0.27781744
   -0.50228291
   -0.07629090
   -0.09388945
    0.28868315
   -0.49432293
   -0.28560590
    0.21998850
    0.07946615
    0.07904094
    0.08701412
    0.07169637
    0.05208584
    0.22146590
    0.19747214
   -0.18270810
    0.00699837
    0.26177987
   -0.47274887
   -0.08264263
    0.01237198
   -0.04151837
   -0.04638986
   -0.03715855
   -0.03456398
   -0.02937969
    0.22991394
    0.08083646
    0.06109714
    0.07743489
    0.02920926
    0.06025666
    0.02498461
    0.05411840
    0.03722449
   -0.18140144
    0.26194571
   -0.50603716
    0.22306350
    0.08310959
    0.01947807
   -0.08954498
   -0.01993699
   -0.05377750
   -0.06328959
   -0.09102691
   -0.11821938
    0.15689665
   -0.41340611
    0.05841365
    0.06602367
    0.03113442
    0.05085218
    0.03013055
    0.03942294
    0.39363170
   -0.07854799
    0.01699109
    0.28111784
   -0.50711659
   -0.08373015
   -0.07252358
   -0.01998149
    0.07622345
    0.07404406
    0.09642601
    0.04495517
    0.07501583
    0.08234183
    0.06035976
   -0.18489080
    0.03499474
    0.27019549
   -0.47435586
   -0.00293355
   -0.35157641
    0.23546865
    0.06713201
    0.06620375
    0.06351889
    0.24378068
   -0.18635956
    0.03986469
    0.25697783
   -0.45360337
   -0.04117226
   -0.06565250
    0.23882616
    0.04611127
    0.08507468
    0.06206953
   -0.08724966
    0.01046943
    0.27140483
   -0.48731553
   -0.07324172
   -0.06675122
   -0.01367747
    0.10336740
    0.05770585
    0.07243769
    0.05234192
    0.04425519
    0.05828787
    0.06808346
   -0.17821412
   -0.04704913
    0.28363153
   -0.47313853
    0.23691734
    0.10139612
    0.09609697
   -0.19928355
    0.01483626
    0.18701353
   -0.35495292
   -0.07904167
   -0.01310634
   -0.11911774
   -0.12881345
    0.21941305
    0.11549107
    0.05379001
    0.07780076
    0.03661867
    0.06125626
    0.03515245
    0.03911230
    0.05696386
    0.04053108
    0.03828571
   -0.39668222
    0.03733159
    0.18892392
   -0.36966184
   -0.07452924
   -0.01177275
   -0.11725757
   -0.12746666
    0.18117940
    0.05917557
    0.04844337
    0.03969436
    0.03381397
    0.04642216
    0.03467907
    0.03478109
    0.05051538
    0.04611098
    0.04799620
   -0.39973337
    0.03372831
    0.28189308
   -0.47269247
    0.12524128
   -0.50706508
   -0.13674393
    0.18283967
    0.03946320
    0.01230852
    0.30714970
    0.05948284
    0.06724150
    0.06542714
   -0.18488840
    0.04194325
    0.27620056
   -0.49015939
    0.01790291
   -0.38475011
    0.19078549
    0.07580110
    0.06696314
    0.04353278
    0.28294748
   -0.18381510
    0.02297876
    0.25746423
   -0.46487104
   -0.01951701
   -0.04832913
   -0.12731841
   -0.12612006
    0.21504546
    0.05582615
    0.05559767
    0.01619742
    0.01459318
    0.04928449
    0.06300476
    0.05925617
    0.06187686
    0.06039916
    0.03189012
   -0.11464403
    0.00489131
    0.28068830
   -0.49448271
   -0.08418660
   -0.08710259
   -0.01481646
    0.06548170
    0.06986889
    0.08656886
    0.07282353
    0.10645152
    0.08414846
    0.08430956
   -0.17917025
   -0.02825584
    0.27387083
   -0.49883989
    0.22307920
    0.10810647
    0.08219076
   -0.15488826
    0.02224256
    0.19517436
   -0.34650724
   -0.12127912
    0.27932195
   -0.49093513
   -0.26772126
    0.23199103
    0.11866095
    0.11476254
    0.07318059
    0.20803919
    0.25490629
   -0.39854149
    0.01197293
    0.26584952
   -0.48463261
   -0.01950443
   -0.11859156
   -0.12934517
    0.17155860
    0.06212833
    0.05180532
    0.04022370
    0.04010290
    0.04619084
    0.05375073
    0.04510813
    0.04833765
   -0.16201999
    0.01251686
    0.19954182
   -0.35331460
   -0.07519887
   -0.10763182
    0.28589909
   -0.49242686
   -0.28420478
    0.22587287
    0.09827822
    0.09021921
    0.07587395
    0.09122909
    0.06415291
    0.22619989
    0.21645694
   -0.29289676
    0.01520253
    0.27231660
   -0.49113556
   -0.07093073
   -0.06282028
    0.00533918
    0.04470385
    0.04526166
    0.07607532
    0.02525523
    0.05113999
    0.04609698
    0.02689803
   -0.18079011
    0.02815360
    0.27180469
   -0.46343543
   -0.00074042
   -0.36999949
    0.21566541
    0.07219441
    0.06795723
    0.05881563
    0.26434665
   -0.17083196
    0.03286263
    0.26223822
   -0.47333025
   -0.03557171
   -0.10205823
    0.21591613
    0.06499309
    0.08890807
    0.07033916
   -0.08835859
    0.02667254
    0.20209674
   -0.36876498
   -0.06731424
   -0.07050144
   -0.01669744
    0.10345915
    0.06120077
    0.07743806
    0.06135846
    0.05499925
    0.07540678
    0.07744202
   -0.38647229
    0.19716366
   -0.38054817
    0.15951167
    0.08281774
    0.03742339
   -0.09835564
   -0.01931823
   -0.04310364
   -0.06843007
   -0.07916063
   -0.11844512
    0.15598709
   -0.42214133
    0.04779436
    0.06165386
    0.03095593
    0.04304302
    0.02874935
    0.03068370
    0.39028988
   -0.40936607
    0.01885177
    0.26577909
   -0.46386104
   -0.07156573
    0.01618609
   -0.04311968
   -0.04249447
   -0.03831827
   -0.03596554
   -0.03291716
    0.16353989
    0.07504651
    0.01348846
    0.05663055
    0.05712916
    0.01685951
    0.05682526
    0.02272367
    0.03424022
   -0.18270693
    0.26257127
   -0.55000123
    0.21069104
    0.09449717
    0.02607321
   -0.07866974
   -0.01697160
   -0.04118397
   -0.06861786
   -0.06247671
   -0.12318211
    0.16111992
   -0.42627637
    0.04780145
    0.02906619
   -0.01027930
    0.07371886
   -0.01183057
    0.06335666
    0.40119420
   -0.07682145
    0.02379506
    0.20651914
   -0.39155961
   -0.07873668
   -0.07737419
   -0.02678316
    0.07708224
    0.08293771
    0.09872256
    0.05965614
    0.10689827
    0.10313889
    0.08466192
   -0.39374168
    0.04556671
    0.25386855
   -0.46863495
    0.01798948
   -0.38845433
    0.17112775
    0.03890828
    0.04409499
    0.04076682
    0.24613296
   -0.10545549
    0.01244417
    0.27390463
   -0.49712782
   -0.07719533
   -0.07081798
   -0.01252887
    0.07339887
    0.06810361
    0.07013540
    0.06220680
    0.07628795
    0.07013616
    0.06935281
   -0.17878765
   -0.04684836
    0.27549858
   -0.47056019
    0.23796811
    0.10704332
    0.10764757
   -0.20829085
    0.01299631
    0.26197429
   -0.46064956
   -0.07117273
   -0.00332758
   -0.11879015
   -0.12520729
    0.22136076
    0.08671279
    0.04367735
    0.07086022
    0.03036136
    0.05597641
    0.03211903
    0.04969369
    0.04991903
    0.04741436
    0.02939256
   -0.21492776
   -0.04115900
    0.26893197
   -0.50211446
    0.22632762
    0.09247628
    0.08940972
   -0.16994276
    0.02391677
    0.19977627
   -0.36817905
   -0.08439056
   -0.00773923
   -0.12426984
   -0.12146644
    0.22560084
    0.09767725
    0.07953568
    0.06806576
    0.02728669
    0.05574572
    0.04899582
    0.04648641
    0.04774504
    0.02543227
    0.05522784
   -0.41263895
   -0.02567621
    0.26746234
   -0.46528921
    0.17226181
    0.06247874
    0.07085149
   -0.18845490
    0.01609558
    0.19503396
   -0.35535730
   -0.08102086
   -0.01361556
   -0.12614023
   -0.13370802
    0.20362581
    0.11369777
    0.05506080
    0.07753323
    0.03149680
    0.05888487
    0.04049696
    0.04662666
    0.05713309
    0.04873527
    0.04113664
   -0.38145919
    0.03494919
    0.19497992
   -0.36670208
   -0.07189153
   -0.01096739
   -0.10589441
   -0.10303634
    0.17908235
    0.06552360
    0.05836160
    0.02199270
    0.05108112
    0.03435677
    0.01021916
    0.04777321
    0.03185769
    0.04629069
    0.01204151
   -0.39828565
    0.02217377
    0.25672028
   -0.47481329
   -0.03523519
   -0.06536757
   -0.13542494
   -0.13606228
    0.16923754
    0.04442109
    0.04685237
    0.04489486
    0.03472149
    0.03590901
    0.04202460
    0.05671672
    0.05290312
    0.04761880
    0.04292394
   -0.11078087
    0.00553929
    0.20135419
   -0.35818403
   -0.07957534
   -0.08304669
   -0.02536481
    0.08929594
    0.07397224
    0.07603699
    0.07651992
    0.07832175
    0.07788962
    0.08153412
   -0.38163129
    0.03712894
    0.20192887
   -0.37958692
   -0.11980583
    0.28511327
   -0.50338362
   -0.27101780
    0.18009366
    0.10021504
    0.08822997
    0.07425071
    0.20886465
    0.23781436
   -0.37616817
    0.02377534
    0.26479590
   -0.46474246
   -0.03945318
   -0.10383492
    0.18702231
    0.04326625
    0.06240656
    0.10508820
   -0.17190939
    0.00548976
    0.19619473
   -0.36100152
   -0.02660810
   -0.06847896
   -0.13872969
   -0.12857623
    0.21040439
    0.10115668
    0.07017681
    0.04685349
    0.03264552
    0.04967012
    0.07679669
    0.05889595
    0.06567973
    0.05239391
    0.03866985
   -0.39360885
    0.01430207
    0.19618690
   -0.36518573
    0.09864972
   -0.47406426
   -0.14886063
    0.17004251
    0.06829746
    0.05066324
    0.34312849
    0.06384196
    0.04354979
    0.06221617
   -0.39813411
    0.04871419
    0.25735379
   -0.50149382
   -0.08430784
    0.37790426
   -0.61399666
   -0.70213612
    0.16875331
    0.03311115
    0.02602624
    0.03927778
   -0.16948920
   -0.03149159
    0.26499908
   -0.48923035
    0.21553376
    0.11241428
    0.08802396
   -0.17436890
    0.00099435
    0.26306666
   -0.43551113
    0.09207682
   -0.44642372
   -0.14091076
    0.24122373
    0.06321862
    0.09528998
    0.32548497
    0.02907603
    0.04233659
    0.08745378
   -0.18241118
    0.02783947
    0.26275649
   -0.50362501
    0.01137097
   -0.33254033
    0.20920291
    0.07743078
    0.04874405
    0.05708341
    0.18324950
   -0.13448563
    0.01653182
    0.26297614
   -0.49413068
   -0.08006607
   -0.00942403
   -0.04897369
   -0.04710118
   -0.06437281
   -0.08315953
    0.14759943
   -0.42882512
    0.22919596
    0.08899004
    0.07606375
    0.07468895
    0.04739774
    0.05491818
    0.06043279
    0.05519724
    0.35672748
   -0.17032021
    0.02924411
    0.20525076
   -0.32482375
   -0.06831331
   -0.00452975
   -0.04686192
   -0.04318942
   -0.06537895
   -0.07577830
    0.13808558
   -0.44409184
    0.22812628
    0.06869679
    0.05001450
    0.07439770
    0.05720452
    0.02789337
    0.07260414
    0.05536881
    0.35533194
   -0.39081676
    0.03090155
    0.26966350
   -0.51965251
   -0.07152489
   -0.00995454
   -0.04432404
   -0.04948200
   -0.06074498
   -0.08052687
    0.14605099
   -0.40849695
    0.16192911
    0.06335844
    0.05638513
    0.03267431
    0.01662587
    0.05169153
    0.04150482
    0.05302845
    0.33156860
   -0.18310480
    0.02375830
    0.27626871
   -0.44882486
   -0.09153691
   -0.00108559
   -0.05237655
   -0.04145194
   -0.06601126
   -0.06781097
    0.13048647
   -0.44037617
    0.23764817
    0.05958264
    0.08000722
    0.09234709
    0.06521071
    0.06508124
    0.06024947
    0.02987919
    0.30454724
   -0.19528207
    0.02600220
    0.35458475
   -0.49003571
   -0.06883534
    0.00099109
   -0.10331171
   -0.11709465
   -0.36097586
    0.21856661
    0.09537830
    0.04481290
    0.03725037
    0.04040320
    0.02740635
    0.03804388
    0.04171039
    0.05574998
    0.03133490
    0.05474089
    0.37930809
   -0.40647382
    0.02878647
    0.35714790
   -0.50181608
   -0.07775867
   -0.00800398
   -0.12424278
   -0.12074030
   -0.36012014
    0.17363479
    0.06204888
    0.04382779
    0.04010796
    0.02917930
    0.04787911
    0.04683652
    0.04724952
    0.04269123
    0.04416498
    0.03912431
    0.38864756
    0.08544180
    0.16621362
    0.18864634
    0.07074109
    0.17918372
    0.09200017
    0.19459884
    0.06583741
    0.17197762
    0.08383491
    0.19192041
    0.18230107
    0.08917406
    0.11728296
    0.17460008
    0.06925702
    0.08892409
    0.18397871
    0.07484659
    0.18855855
    0.08310970
    0.17684713
    0.07055008
    0.18918649
    0.08958592
    0.17113881
    0.08908758
    0.17050388
    0.08897590
    0.19846589
    0.07394903
    0.17996416
    0.06850776
    0.18577944
    0.07201912
    0.18723989
    0.07678309
    0.17798558
    0.07225336
    0.18004679
    0.08395219
    0.18542415
    0.08780093
    0.17409271
    0.08672881
