   -0.11473999
   -0.09623480
    0.26995510
   -0.44955956
    0.29761517
    0.29661773
    0.29967444
    0.16307400
    0.12587825
   -0.15720660
    0.01154219
    0.27550626
   -0.48029781
   -0.04991873
   -0.04198766
    0.23149577
    0.11341564
    0.07436990
    0.13039698
   -0.19534535
    0.05472477
    0.27914829
   -0.48190977
   -0.10257962
    0.22933738
    0.04487662
    0.05914415
    0.07201152
    0.02898743
   -0.17972378
    0.04521186
    0.27461799
   -0.49560663
   -0.06942232
    0.00944169
   -0.04317922
   -0.03623273
   -0.02851195
   -0.02842512
   -0.03450052
    0.19816426
    0.07238232
    0.04843826
    0.05532602
    0.03641967
    0.01348374
    0.04061128
    0.04292474
    0.06581117
   -0.21561478
    0.04873619
    0.28169133
   -0.48811379
   -0.04271186
   -0.08354129
    0.37067787
   -0.61977238
   -0.63845949
    0.21873928
    0.03698867
    0.02876027
    0.05146138
    0.01752169
    0.02066461
   -0.19902760
   -0.02607536
    0.26968286
   -0.47645012
    0.22472675
    0.10003348
    0.09639766
   -0.18110901
    0.04027071
    0.27953918
   -0.50835515
   -0.04070336
   -0.08686633
    0.36869092
   -0.64666374
   -0.65320153
    0.19516502
    0.05378637
    0.03584262
    0.02384163
    0.03943846
    0.05001688
   -0.17679360
    0.02345035
    0.28391614
   -0.53331067
    0.07919466
   -0.48093192
    0.23032224
    0.07953007
    0.04702319
    0.04997885
    0.37850664
   -0.14060029
    0.03683184
    0.19329308
   -0.33671221
   -0.02024402
   -0.15534341
    0.22275590
    0.10939953
    0.09785789
    0.05045624
   -0.37366559
    0.25954850
   -0.54949262
    0.16372664
    0.07276260
    0.01809480
   -0.06841608
    0.00591991
   -0.03530416
   -0.04778472
   -0.06594163
   -0.07835643
    0.13191672
   -0.45216399
    0.04153778
    0.01743870
   -0.00685633
    0.05857209
    0.06026545
    0.07351927
    0.33880502
   -0.08137790
    0.00539483
    0.28367971
   -0.51495940
   -0.08423983
   -0.07698150
   -0.03784264
    0.07810444
    0.07302603
    0.09640081
    0.04865020
    0.10318377
    0.10171250
    0.10013749
   -0.19206411
    0.03412174
    0.26925227
   -0.43970998
   -0.04862632
   -0.02715870
    0.24197057
    0.04055619
    0.11436060
    0.05323065
   -0.19178171
    0.03886100
    0.25740806
   -0.49008534
   -0.01345771
   -0.17367959
    0.20784474
    0.07245360
    0.03287330
    0.06427145
   -0.08129161
    0.00477934
    0.27112658
   -0.48463710
   -0.08540451
   -0.07897848
   -0.02601944
    0.09678642
    0.07645669
    0.09301288
    0.06481970
    0.09115514
    0.06476942
    0.08710202
   -0.17593290
   -0.04891666
    0.28148774
   -0.46982195
    0.23241767
    0.11516749
    0.11006344
   -0.21223138
    0.02151323
    0.26827494
   -0.48265355
   -0.06069377
   -0.00427863
   -0.10668802
   -0.12124284
    0.22340716
    0.08138310
    0.02900872
    0.05172677
    0.04449346
    0.04067874
    0.02367314
    0.04001296
    0.04249352
    0.04623438
    0.03777566
   -0.21005176
   -0.04026819
    0.26917700
   -0.49026317
    0.23459619
    0.11564725
    0.09266858
   -0.18419703
    0.01620982
    0.25692727
   -0.45967687
   -0.07746162
   -0.00613167
   -0.09991241
   -0.09433006
    0.22048347
    0.07677664
    0.07405024
    0.03355441
    0.03712118
    0.02915154
    0.01228844
    0.05098691
    0.02505017
    0.03927159
    0.01145400
   -0.17889434
    0.00702309
    0.27252227
   -0.48870322
    0.11430755
   -0.47881398
   -0.14456462
    0.21909153
    0.10277581
    0.04745944
    0.33869530
    0.05500732
    0.06248152
    0.07846369
   -0.15528746
    0.01907569
    0.20326104
   -0.31272107
   -0.06316218
   -0.03707934
    0.23528860
    0.08054572
    0.10400547
    0.13362342
   -0.39279758
    0.02148683
    0.27425617
   -0.44955299
    0.11231435
   -0.46878225
   -0.12686233
    0.17765357
    0.03288200
    0.04656305
    0.32908143
    0.02459275
    0.02066445
    0.07133770
   -0.20558929
    0.04330286
    0.26243459
   -0.53163024
    0.00196996
   -0.16416299
    0.20184324
    0.07311118
    0.03148567
    0.02611262
   -0.15637718
    0.02892760
    0.26355280
   -0.49215362
   -0.07233138
   -0.01148041
   -0.05075741
   -0.04488333
   -0.06499639
   -0.08137548
    0.14771573
   -0.42210640
    0.24856988
    0.07181193
    0.06511994
    0.06946302
    0.04849679
    0.04428490
    0.06846130
    0.05320636
    0.35819796
   -0.17114249
    0.03403347
    0.20629909
   -0.31889279
   -0.06301275
   -0.00289806
   -0.04974534
   -0.03496454
   -0.06823708
   -0.06194597
    0.13253322
   -0.42685265
    0.22511613
    0.06857085
    0.03832991
    0.07356241
    0.06756671
    0.02939076
    0.08377166
    0.03110023
    0.32542686
    0.04336586
   -0.44583345
    0.01839782
    0.06201885
    0.01852325
    0.30599068
    0.03006256
   -0.46703554
    0.06026165
    0.03750299
    0.03479671
    0.30677941
    0.03733039
   -0.46262001
    0.04142045
    0.02615868
    0.04201930
    0.30770559
    0.03310824
   -0.48389565
    0.03617138
    0.03728164
    0.03468102
    0.34330776
    0.00335399
   -0.48608222
    0.05266245
    0.04986910
    0.06870534
    0.33736864
   -0.59671102
    0.33644697
    0.29178308
   -0.61079235
    0.31009045
    0.29501957
   -0.62797315
    0.31739279
    0.31792342
   -0.64204137
    0.29431183
    0.31203272
   -0.62326195
    0.33449106
    0.31809251
   -0.63592519
    0.31153264
    0.32347277
   -0.62132949
    0.30180487
    0.32282745
   -0.60854428
    0.31519077
    0.28569297
    0.02191785
   -0.47477319
    0.05026108
    0.03638983
    0.07033494
    0.33072511
    0.02399438
   -0.47741373
    0.04516303
    0.01640706
    0.06117683
    0.33193474
    0.02353544
   -0.48483862
    0.06248368
    0.02107528
    0.06073031
    0.33122687
    0.03341266
   -0.48650177
    0.04103902
    0.04424053
    0.02723637
    0.34495620
    0.04109545
   -0.49666094
    0.04548965
    0.02532200
    0.02198349
    0.32727899
    0.04783845
   -0.43582036
    0.06309699
    0.06268937
   -0.01605572
    0.30449152
    0.04371944
   -0.44772682
    0.03374295
    0.04542060
    0.02478978
    0.29642946
    0.04756779
   -0.48211664
    0.03420150
    0.02129720
    0.03574988
    0.33422327
   -0.10714748
   -0.47906064
    0.22575513
    0.16475575
   -0.15116359
    0.35742247
   -0.11900068
   -0.55005108
    0.22662214
    0.17562803
   -0.11503533
    0.43404674
   -0.60888192
    0.32433239
    0.31453664
   -0.60810928
    0.29771390
    0.30556832
   -0.61428790
    0.30945746
    0.30724835
   -0.64347227
    0.30828329
    0.31080570
   -0.62637573
    0.32564048
    0.32890015
   -0.61444766
    0.31410828
    0.31193078
   -0.63159083
    0.31020377
    0.32043672
   -0.61903876
    0.30181405
    0.32235485
   -0.60728404
    0.30148438
    0.29708092
   -0.38702324
    0.03420676
    0.19504279
   -0.35536978
   -0.07674522
    0.00765197
   -0.04111602
   -0.04880854
   -0.03254893
   -0.03838987
   -0.03538653
    0.17124389
    0.07687421
    0.05454259
    0.04180035
    0.02451220
    0.03644203
    0.03405376
    0.05037084
    0.04753713
   -0.39037781
    0.02652357
    0.27079712
   -0.48283820
   -0.02150673
   -0.12319077
    0.17855311
    0.07809887
    0.04638724
    0.06527817
   -0.17756578
    0.02547664
    0.19700982
   -0.36600120
   -0.15082716
    0.21542871
    0.10263835
    0.06891664
    0.09546544
    0.09335208
   -0.39515704
    0.04368085
    0.27210752
   -0.49302361
   -0.07017315
    0.00959586
   -0.04228281
   -0.03950989
   -0.03273871
   -0.03453408
   -0.03689530
    0.15584985
    0.05341073
    0.04129609
    0.04127511
    0.03603441
    0.01491111
    0.04875516
    0.03886892
    0.05337671
   -0.21912891
    0.04393309
    0.28104017
   -0.48582259
   -0.04646631
   -0.08449893
    0.36975365
   -0.62990955
   -0.63233833
    0.22192842
    0.03760281
    0.03741403
    0.05492816
    0.00949084
    0.01865494
   -0.20369970
   -0.02211111
    0.26647282
   -0.46810130
    0.22435702
    0.08407774
    0.08722696
   -0.17425372
    0.02941881
    0.27881680
   -0.48898914
   -0.05712461
   -0.09097445
    0.36604006
   -0.60900054
   -0.70388822
    0.20367340
    0.05518637
    0.05073200
    0.05724776
    0.04327640
    0.02712838
   -0.16713860
    0.01389683
    0.28695627
   -0.54828358
    0.07567543
   -0.46025093
    0.19905112
    0.10862688
    0.05047675
    0.04013820
    0.36190760
   -0.14818653
    0.03413995
    0.18396074
   -0.32437287
   -0.03095988
   -0.14262146
    0.24075857
    0.09534127
    0.09277129
    0.07218836
   -0.39984840
    0.04681183
    0.20803694
   -0.36085080
   -0.09474907
    0.28857007
   -0.50054000
   -0.28149675
    0.18229043
    0.06050841
    0.05002388
    0.06874819
    0.22527557
    0.22979888
   -0.40239144
    0.03377308
    0.20587251
   -0.37530417
   -0.06552621
    0.01663916
   -0.04140692
   -0.03968381
   -0.03551913
   -0.03155518
   -0.02829865
    0.17366692
    0.07080405
    0.03117040
    0.04985058
    0.03752097
    0.02809614
    0.04039096
    0.03025498
    0.04616402
   -0.38978483
    0.02551617
    0.19653656
   -0.34688160
   -0.00452948
   -0.10200022
   -0.12506005
    0.17269652
    0.05332694
    0.05332657
    0.03894720
    0.02075214
    0.03184533
    0.05383455
    0.04065441
    0.06482059
   -0.29119851
    0.01991125
    0.27431178
   -0.48659883
   -0.06425682
   -0.05705051
    0.00472990
    0.03255928
    0.02879270
    0.06784008
    0.02471804
    0.05720932
    0.05427844
    0.03198520
   -0.19899038
    0.03357289
    0.27297760
   -0.48500664
   -0.02014716
   -0.15835368
    0.21035713
    0.07397403
    0.04538399
    0.06429146
   -0.18757883
    0.04195701
    0.25742564
   -0.46844348
   -0.03305392
   -0.09984398
    0.23762410
    0.05337330
    0.08071327
    0.06982182
   -0.09232854
    0.01423598
    0.27406570
   -0.49640054
   -0.06845866
   -0.06415103
   -0.01144915
    0.08631525
    0.05472956
    0.05973700
    0.06253126
    0.05273014
    0.07342034
    0.06565312
   -0.17709801
   -0.04653937
    0.28216247
   -0.46458120
    0.23292592
    0.10011063
    0.10376063
   -0.20294198
    0.00485706
    0.25941005
   -0.45931026
   -0.07957591
   -0.00861854
   -0.12162609
   -0.12864736
    0.21146477
    0.10512378
    0.03994201
    0.07422768
    0.02638589
    0.05777271
    0.02659572
    0.05239109
    0.05654053
    0.04809193
    0.03816985
   -0.20287678
   -0.04586606
    0.26804970
   -0.49620672
    0.22148091
    0.10193131
    0.11754128
   -0.17994436
    0.01591793
    0.26499643
   -0.50016034
   -0.07408192
   -0.01724638
   -0.12492466
   -0.12309563
    0.22165764
    0.08900088
    0.05460044
    0.03539577
    0.04285552
    0.06934002
    0.04255733
    0.04074212
    0.07174388
    0.03539179
    0.03386810
   -0.19711175
    0.03360534
    0.27922637
   -0.46750052
    0.13472116
   -0.49856115
   -0.13590764
    0.23658905
    0.05880720
    0.01549942
    0.31504434
    0.06079208
    0.07442233
    0.07051584
   -0.18262191
    0.05182497
    0.27614890
   -0.49075960
    0.01651188
   -0.35566990
    0.19444847
    0.07032180
    0.05252572
    0.04711949
    0.27207914
   -0.18164284
    0.02756552
    0.25765136
   -0.45901786
   -0.01888582
   -0.04386548
   -0.13300433
   -0.11880091
    0.22204959
    0.05123801
    0.05958663
    0.01049787
    0.00693843
    0.05633181
    0.07287904
    0.04923781
    0.06126986
    0.06062867
    0.02290189
   -0.11365841
    0.00690593
    0.27959024
   -0.49437575
   -0.08240379
   -0.08808959
   -0.01461522
    0.05845520
    0.07523327
    0.08298664
    0.07545695
    0.10652630
    0.08654144
    0.08507961
   -0.17146997
   -0.02444743
    0.19246152
   -0.38653553
    0.22770919
    0.12735818
    0.08800291
   -0.40316615
    0.01334108
    0.27396685
   -0.48310703
    0.11380252
   -0.48113273
   -0.14729990
    0.17134109
    0.05561518
    0.03659695
    0.34121076
    0.05829678
    0.03850185
    0.07515298
   -0.19205584
    0.02790783
    0.26320576
   -0.48620003
   -0.04749076
   -0.04674343
    0.22809685
    0.05073055
    0.11314061
    0.06546381
   -0.15845522
    0.02105332
    0.26718221
   -0.51224989
   -0.06728578
   -0.01603017
   -0.04701613
   -0.04832089
   -0.05327802
   -0.07929406
    0.15520722
   -0.41169593
    0.22115406
    0.09070267
    0.06544939
    0.04360324
    0.01850249
    0.05198865
    0.05024797
    0.06240944
    0.35774409
   -0.16553853
    0.01690497
    0.27929886
   -0.45717121
   -0.08647809
   -0.00335590
   -0.04637897
   -0.04856602
   -0.06705684
   -0.08165736
    0.13179412
   -0.45198177
    0.22564739
    0.06656715
    0.08266350
    0.07323920
    0.05052472
    0.06647342
    0.05674013
    0.06036784
    0.35271643
   -0.19232568
    0.02294666
    0.35604092
   -0.47688104
   -0.07278181
    0.00039737
   -0.10231590
   -0.11255726
   -0.34814450
    0.22279530
    0.09837176
    0.04380702
    0.05019358
    0.03502079
    0.03462321
    0.02654096
    0.03402101
    0.05883561
    0.04039981
    0.04002802
    0.39723380
   -0.28935547
    0.02818736
    0.18778058
   -0.34760566
   -0.05307579
   -0.05490848
    0.00366675
    0.06194015
    0.02398630
    0.04609676
    0.03620160
    0.01900645
    0.05359121
    0.03366259
   -0.39335863
   -0.03133456
    0.26057748
   -0.50787318
    0.18303941
    0.08999255
    0.08179669
   -0.17412908
    0.01557446
    0.26687125
   -0.48932903
   -0.07892882
   -0.01258137
   -0.11333645
   -0.09897699
    0.21442584
    0.07717002
    0.07310416
    0.03799826
    0.04850893
    0.04252097
    0.02076796
    0.05727905
    0.03289378
    0.03403149
    0.01078699
   -0.18640041
    0.01085229
    0.27588201
   -0.48585287
    0.11503467
   -0.49054944
   -0.14826726
    0.22354998
    0.09397857
    0.04103263
    0.35198955
    0.06385150
    0.06269538
    0.07901591
   -0.16861694
    0.01818741
    0.26388612
   -0.45609450
   -0.04910544
   -0.05424585
    0.22956177
    0.06811860
    0.07608996
    0.11333419
   -0.17321594
    0.00469761
    0.25020960
   -0.48418054
   -0.03101137
   -0.06702549
   -0.13981622
   -0.13854493
    0.20778737
    0.08769887
    0.05419793
    0.05634103
    0.02467285
    0.05013422
    0.05630579
    0.07263097
    0.06683988
    0.04149021
    0.04690061
   -0.09774249
    0.00289154
    0.20914155
   -0.35691155
   -0.08409254
   -0.09390894
   -0.03048215
    0.09450513
    0.08470333
    0.09185396
    0.07991601
    0.10522162
    0.07139113
    0.09443459
   -0.38301730
   -0.01767273
    0.26401611
   -0.47984250
    0.18441549
    0.08228088
    0.04334444
   -0.19015779
    0.00773197
    0.26573901
   -0.44743091
    0.10157012
   -0.45587526
   -0.13094165
    0.22800930
    0.06812230
    0.06748257
    0.33584882
    0.03848988
    0.02971813
    0.06246107
   -0.19018612
    0.03546869
    0.26502245
   -0.52497193
    0.01189513
   -0.33719809
    0.21417906
    0.08054969
    0.04718610
    0.04200077
    0.22429506
   -0.15206920
    0.02730967
    0.26512085
   -0.49240755
   -0.08109074
   -0.00636349
   -0.05159071
   -0.04356481
   -0.05803669
   -0.07788188
    0.14873214
   -0.39307172
    0.25024822
    0.07053506
    0.07205793
    0.08395079
    0.06709346
    0.04135304
    0.07585556
    0.02000348
    0.29844883
   -0.17593073
    0.02797747
    0.27704293
   -0.45820868
   -0.07000331
   -0.00396634
   -0.04758148
   -0.04291267
   -0.06381818
   -0.07859932
    0.13478683
   -0.44350293
    0.22218203
    0.06076369
    0.04305734
    0.06485217
    0.03998297
    0.03366677
    0.05837565
    0.07260956
    0.36235504
   -0.18678486
    0.02239496
    0.35507733
   -0.48033407
   -0.08033257
   -0.00894102
   -0.13243130
   -0.12098699
   -0.34893895
    0.22589858
    0.09091515
    0.06190063
    0.06228146
    0.03094594
    0.05882998
    0.05073332
    0.06053392
    0.03471348
    0.05320954
    0.04499816
    0.39534684
   -0.39638500
    0.03645148
    0.21196877
   -0.36059796
    0.13072659
   -0.49856695
   -0.13363029
    0.18135037
    0.06190859
    0.02147709
    0.30908742
    0.05565570
    0.06382797
    0.06655745
   -0.38717068
    0.03496801
    0.20314670
   -0.35590474
   -0.01944185
   -0.04769539
   -0.12280530
   -0.12122342
    0.17562772
    0.04259122
    0.04372703
    0.02286801
    0.02208032
    0.03679470
    0.04459423
    0.05945494
    0.04956348
    0.05221772
    0.03253274
   -0.32320373
    0.01980392
    0.25747694
   -0.52700787
   -0.06212333
   -0.06049744
   -0.00110109
    0.06665254
    0.04099329
    0.06904073
    0.02611588
    0.04270660
    0.02514051
    0.05891890
   -0.17006661
    0.04500552
    0.18166502
   -0.38359714
   -0.08255666
    0.37605867
   -0.59901892
   -0.64753009
    0.21541503
    0.07833697
    0.04736025
    0.05314600
   -0.40130758
    0.03034131
    0.35930954
   -0.50377191
   -0.07374734
   -0.00448965
   -0.10616225
   -0.11488005
   -0.35463896
    0.18092558
    0.06418829
    0.04167383
    0.03890789
    0.03021659
    0.03777228
    0.03814891
    0.02696381
    0.05115745
    0.04060757
    0.03218790
    0.41017680
    0.10416057
    0.19897731
    0.07822030
    0.19948319
    0.08788011
    0.18880219
    0.05115754
    0.16150376
    0.07510202
    0.19052257
    0.08287495
    0.18200706
    0.06080890
    0.17419139
    0.09920934
    0.18017900
    0.10154772
    0.18482003
    0.07011055
    0.17883852
    0.06911189
    0.16286656
    0.09687059
    0.17325123
    0.10997341
    0.19786535
    0.18220602
    0.06739336
    0.16758265
    0.07181246
    0.18088135
    0.17608855
