   -0.11632400
   -0.09916862
    0.27089105
   -0.47100362
    0.29335201
    0.30568241
    0.29680885
    0.16604167
    0.14034882
   -0.16025096
    0.01370460
    0.26987759
   -0.45578141
   -0.04160126
   -0.06298648
    0.24518781
    0.09648186
    0.05619032
    0.10348337
   -0.19233609
    0.04381466
    0.27538973
   -0.49236445
   -0.11042223
    0.21358596
    0.06369472
    0.04449646
    0.07001154
    0.04604050
   -0.16818578
    0.03191835
    0.27037145
   -0.49545876
   -0.07981157
    0.01016253
   -0.04551576
   -0.03813442
   -0.03115625
   -0.02923470
   -0.03556582
    0.20889907
    0.07839608
    0.06634067
    0.07314117
    0.04256444
    0.02647798
    0.03285218
    0.04535513
    0.05761280
   -0.20828192
    0.03638107
    0.27511200
   -0.47190885
   -0.05179109
   -0.08606474
    0.37445091
   -0.63762623
   -0.63962001
    0.22865855
    0.03626342
    0.04150652
    0.06746753
    0.02353888
    0.01128800
   -0.19697949
   -0.03758581
    0.26729945
   -0.48365824
    0.21858477
    0.09911754
    0.11329562
   -0.16991462
    0.01658396
    0.27670309
   -0.50252441
   -0.06314283
   -0.09814679
    0.35992903
   -0.61947083
   -0.66453669
    0.20104704
    0.07827919
    0.06665143
    0.04226234
    0.04331469
    0.03493900
   -0.17525821
    0.01443279
    0.28785628
   -0.52515842
    0.07587422
   -0.45898483
    0.22045825
    0.08569596
    0.05104333
    0.05525763
    0.35888790
   -0.15620833
    0.03807243
    0.27149563
   -0.48508347
   -0.01508451
   -0.12181785
    0.23119803
    0.09094942
    0.06356586
    0.06360158
   -0.18366458
    0.03634983
    0.26656105
   -0.50467376
   -0.09697089
    0.28425665
   -0.48484869
   -0.26355408
    0.22290489
    0.07232041
    0.06700114
    0.07407687
    0.23938291
    0.24906030
   -0.16815799
    0.01589558
    0.27490045
   -0.45010974
   -0.01188417
   -0.10900170
   -0.13522595
    0.21839364
    0.07366553
    0.07992784
    0.04121462
    0.00720693
    0.04843089
    0.04704607
    0.05591976
    0.07629280
   -0.16854222
    0.00534538
    0.27380668
   -0.46916986
   -0.07651748
   -0.10300336
    0.28777712
   -0.48992107
   -0.28483762
    0.20769075
    0.09807124
    0.07914624
    0.06665937
    0.08392310
    0.05935333
    0.22392361
    0.23799119
   -0.18065736
    0.00216143
    0.26615967
   -0.44309174
   -0.07831986
    0.01391059
   -0.04249712
   -0.04451292
   -0.03789518
   -0.03631916
   -0.03244554
    0.20912685
    0.11445165
    0.03353181
    0.08245637
    0.05776071
    0.02705084
    0.05977532
    0.03951155
    0.04470325
   -0.19157481
    0.26841853
   -0.54682070
    0.21217442
    0.09708035
    0.01412183
   -0.06218745
    0.00333039
   -0.03488687
   -0.04498101
   -0.06501442
   -0.07733168
    0.13471687
   -0.44905689
    0.03813559
    0.03180406
    0.00052722
    0.04661203
    0.08026923
    0.07935311
    0.35441513
   -0.07831787
    0.02427787
    0.28306959
   -0.49863721
   -0.08010879
   -0.07310686
   -0.02598631
    0.05010309
    0.06017159
    0.09474092
    0.05107980
    0.09653311
    0.10429305
    0.08188599
   -0.19975324
    0.04079471
    0.27021164
   -0.46397508
   -0.03309762
   -0.11214814
    0.21966230
    0.05359157
    0.07895012
    0.06681857
   -0.18894830
    0.04294695
    0.25715809
   -0.47518666
   -0.02877494
   -0.11660672
    0.22567368
    0.05718730
    0.05901486
    0.06961280
   -0.08573602
    0.01254693
    0.27066591
   -0.48100492
   -0.07250252
   -0.06624670
   -0.01642095
    0.08977789
    0.06345023
    0.06720027
    0.06138224
    0.05614663
    0.06686434
    0.06946486
   -0.18115479
   -0.04350845
    0.27822147
   -0.44732300
    0.23714193
    0.10638328
    0.09821497
   -0.20513967
    0.00786901
    0.25955836
   -0.45581972
   -0.07096750
   -0.00918408
   -0.11266837
   -0.13435598
    0.20989691
    0.10765283
    0.02238170
    0.07464534
    0.03421820
    0.05624740
    0.01432274
    0.04019796
    0.06554330
    0.04900020
    0.04733778
   -0.20537735
   -0.04963718
    0.26739166
   -0.49200565
    0.22594942
    0.11585114
    0.12017878
   -0.18256546
    0.01735787
    0.26146531
   -0.48338005
   -0.07509710
   -0.01219350
   -0.11166190
   -0.10487687
    0.22226415
    0.08350819
    0.06140376
    0.02399766
    0.05176404
    0.05608656
    0.01562005
    0.04720898
    0.05072571
    0.04102700
    0.01186648
   -0.19278441
    0.02684937
    0.27902775
   -0.47931903
    0.13097531
   -0.49768221
   -0.13957407
    0.23062453
    0.07155578
    0.03144010
    0.32307009
    0.05475460
    0.07244627
    0.08149785
   -0.17961130
    0.04663417
    0.27074944
   -0.47971573
   -0.01819826
   -0.10126319
    0.20778443
    0.05941151
    0.06509206
    0.07614717
   -0.18757886
    0.02354259
    0.25270092
   -0.47816234
   -0.02097616
   -0.04718026
   -0.13612755
   -0.12417081
    0.21301933
    0.05956972
    0.05786402
    0.01934044
    0.00494886
    0.05483073
    0.08096723
    0.05610621
    0.06984455
    0.05807085
    0.03205118
   -0.11027226
    0.00594868
    0.28055994
   -0.48515050
   -0.08402843
   -0.08930783
   -0.01111194
    0.06952545
    0.07981312
    0.09346598
    0.07744423
    0.11020901
    0.06788833
    0.09188317
   -0.17884245
   -0.00859940
    0.19574475
   -0.37262779
    0.21961744
    0.08718620
    0.08649675
   -0.31672940
    0.02192118
    0.25450813
   -0.55582926
   -0.06322079
   -0.07412284
   -0.00298916
    0.04409976
    0.03121328
    0.07260937
    0.04200778
    0.06874860
    0.05242851
    0.06375758
   -0.16390890
    0.03887017
    0.25473594
   -0.50437995
   -0.08992736
    0.37767609
   -0.60037930
   -0.67300786
    0.22706854
    0.07080051
    0.04672203
    0.05415647
   -0.16964882
   -0.02094169
    0.26811654
   -0.47519266
    0.22862371
    0.11051093
    0.05613658
   -0.17503079
    0.00716550
    0.26960931
   -0.46140310
    0.10991837
   -0.45353839
   -0.14127834
    0.22677864
    0.07214158
    0.07070184
    0.33010406
    0.04176929
    0.03792607
    0.09587417
   -0.19198583
    0.03643607
    0.26175746
   -0.50212815
   -0.02075805
   -0.10497979
    0.22388588
    0.05768982
    0.07757155
    0.04997341
   -0.15465021
    0.02764483
    0.26658953
   -0.50229943
   -0.06861579
   -0.01568264
   -0.04744783
   -0.04444012
   -0.06053863
   -0.07664434
    0.14995631
   -0.41992940
    0.23345754
    0.07633220
    0.06304652
    0.05331716
    0.02990145
    0.04867213
    0.06108904
    0.06417722
    0.36484297
   -0.16711720
    0.02419969
    0.27844342
   -0.45598414
   -0.06492235
   -0.00663825
   -0.04518092
   -0.04595123
   -0.06694678
   -0.07916159
    0.13288477
   -0.42126587
    0.20847608
    0.05910593
    0.04193459
    0.05852541
    0.04754917
    0.04257087
    0.07288794
    0.06856522
    0.34548818
   -0.18841162
    0.02032858
    0.35518836
   -0.46441266
   -0.07591381
   -0.00338510
   -0.10438507
   -0.11953128
   -0.34520541
    0.22298534
    0.10004660
    0.04827065
    0.06086877
    0.02904640
    0.04018976
    0.02911107
    0.03414237
    0.05706828
    0.04840175
    0.04588522
    0.39485493
    0.02288171
   -0.47969175
    0.06000789
    0.01655127
    0.06615405
    0.32785811
    0.03963454
   -0.45636333
    0.02778532
    0.05107912
    0.02859363
    0.31410497
    0.03260066
   -0.47853359
    0.05609789
    0.04566200
    0.03566658
    0.30950424
    0.03628140
   -0.46637332
    0.04738182
    0.03306523
    0.04089399
    0.30147416
    0.03644341
   -0.49986498
    0.04931981
    0.02964704
    0.02589836
    0.32408773
    0.04444778
   -0.44665694
    0.06046309
    0.06835122
   -0.00866548
    0.30923840
    0.03540592
   -0.44760300
    0.03573119
    0.04357218
    0.02892910
    0.30057717
    0.03660991
   -0.49813514
    0.04433404
    0.02462122
    0.04881091
    0.33640759
    0.02305469
   -0.50683071
    0.03315260
    0.05750964
    0.05023763
    0.34531775
   -0.61077744
    0.33333642
    0.30702551
   -0.60732458
    0.30516090
    0.29784919
   -0.63429864
    0.29980715
    0.31956059
   -0.62833930
    0.29509503
    0.32822282
   -0.62469002
    0.33078494
    0.32275057
   -0.61926631
    0.32138433
    0.31010338
   -0.62856072
    0.30281675
    0.33209699
   -0.60546097
    0.30668445
    0.29049419
    0.01320934
   -0.46316505
    0.05130734
    0.04510736
    0.07279119
    0.31303327
    0.01776246
   -0.47564855
    0.04619278
    0.01888903
    0.06232424
    0.33194519
    0.04280925
   -0.44812071
    0.01906563
    0.06573962
    0.01978023
    0.30329269
    0.03219124
   -0.50153294
    0.03718602
    0.04704589
    0.03731874
    0.34990114
    0.02674647
   -0.46122088
    0.06284045
    0.03473443
    0.03221394
    0.30712747
    0.03326661
   -0.46892860
    0.04272323
    0.03317055
    0.04843746
    0.30934015
    0.03133500
   -0.47834417
    0.05056804
    0.03724362
    0.03582700
    0.33287020
    0.04184581
   -0.44279449
    0.05822255
    0.05900049
   -0.00748514
    0.31606186
    0.03367349
   -0.46206882
    0.03278759
    0.05891703
    0.03010946
    0.30347762
    0.03863472
   -0.48506800
    0.02550727
    0.03819176
    0.03887961
    0.34497487
    0.04106470
   -0.50426582
    0.04064764
    0.03116964
    0.02727525
    0.33684561
    0.02115717
   -0.50234261
    0.04395392
    0.04317964
    0.06321182
    0.33330509
   -0.11077734
   -0.54098807
    0.23035042
    0.19864415
   -0.09162455
    0.44781877
   -0.11970435
   -0.51199739
    0.22900900
    0.16916046
   -0.12451947
    0.40842465
   -0.61390131
    0.30047070
    0.30896445
   -0.61468549
    0.31304636
    0.30415305
   -0.61507618
    0.30702898
    0.31101720
   -0.63791907
    0.29889112
    0.30381761
   -0.64182437
    0.30757819
    0.31021234
   -0.63654784
    0.30595943
    0.32878645
   -0.61328523
    0.31822703
    0.29232052
   -0.61974248
    0.30888545
    0.31691299
   -0.61733605
    0.31964088
    0.32123510
   -0.63248859
    0.30062082
    0.32796058
   -0.11595322
   -0.09369813
    0.27372052
   -0.45422490
    0.29794354
    0.29345755
    0.29975210
    0.16440380
    0.12254988
   -0.16128390
    0.01496915
    0.27438002
   -0.48181514
   -0.04596600
   -0.05010853
    0.23152036
    0.10523686
    0.07356782
    0.12231852
   -0.19477003
    0.05246304
    0.27699758
   -0.47237763
   -0.10295429
    0.22912310
    0.04120753
    0.06177085
    0.06597067
    0.03081210
   -0.17555693
    0.03824424
    0.27207992
   -0.49563985
   -0.07345014
    0.00782289
   -0.04539465
   -0.03754051
   -0.03064271
   -0.03015346
   -0.03606553
    0.19253504
    0.08592966
    0.04345212
    0.06248627
    0.05108384
    0.00484053
    0.05309552
    0.03415224
    0.06611232
   -0.20867257
    0.03931149
    0.27876251
   -0.49164127
   -0.04796019
   -0.08793431
    0.38011525
   -0.64193414
   -0.64942496
    0.22466247
    0.04934102
    0.04795735
    0.05293171
    0.01773247
    0.03071302
   -0.19789012
   -0.03093684
    0.26876983
   -0.48413390
    0.22897244
    0.10682726
    0.09994247
   -0.18099418
    0.03880594
    0.27844040
   -0.49631181
   -0.04412366
   -0.08750714
    0.36633497
   -0.64066175
   -0.65979989
    0.20198627
    0.04601503
    0.03488924
    0.03441145
    0.04360656
    0.03916265
   -0.17831054
    0.02421571
    0.28744502
   -0.53721754
    0.08007763
   -0.46003937
    0.22216571
    0.08116644
    0.03638261
    0.04307577
    0.36727795
   -0.13886708
    0.03525366
    0.26872217
   -0.46907452
    0.00863763
   -0.38158142
    0.22689249
    0.08525125
    0.07852265
    0.04310505
    0.26774256
   -0.16896996
    0.02898622
    0.19518924
   -0.34216044
   -0.10291364
    0.28709207
   -0.48053921
   -0.27238517
    0.21878985
    0.10506168
    0.08439714
    0.07812505
    0.24062562
    0.25250523
   -0.38998925
    0.04519488
    0.20350768
   -0.35913871
   -0.03847069
   -0.08411992
    0.37414333
   -0.63728934
   -0.66167500
    0.17658804
    0.02750916
    0.03205400
    0.04947409
    0.00826497
    0.01705400
   -0.39371096
    0.04328830
    0.27038164
   -0.49160258
   -0.06506090
    0.01071928
   -0.04317236
   -0.03554713
   -0.03374199
   -0.03453335
   -0.03786310
    0.15139344
    0.05692330
    0.02945797
    0.03654864
    0.03737499
    0.00328782
    0.05595684
    0.03885355
    0.06011851
   -0.22157605
    0.04009656
    0.28245971
   -0.49472870
   -0.05108775
   -0.08854545
    0.36848149
   -0.62315751
   -0.63289987
    0.22273083
    0.04405729
    0.04345018
    0.05210134
    0.00962406
    0.02701361
   -0.20237637
   -0.02438257
    0.26607860
   -0.47216751
    0.23036086
    0.08838320
    0.08460567
   -0.17947868
    0.03864188
    0.27768528
   -0.49732005
   -0.04639560
   -0.08553094
    0.37131573
   -0.62356710
   -0.70078659
    0.20378948
    0.04738540
    0.03600062
    0.04737553
    0.03384710
    0.04525797
   -0.17667735
    0.01978533
    0.28919281
   -0.55673416
    0.07913597
   -0.45271512
    0.22125151
    0.10461055
    0.04294810
    0.03935151
    0.35011551
   -0.14541942
    0.03856107
    0.18558464
   -0.32031506
   -0.00036650
   -0.37618617
    0.24570973
    0.09217739
    0.08778354
    0.06275049
    0.26106367
   -0.39632205
    0.03919068
    0.20489692
   -0.36635156
   -0.10892773
    0.28220574
   -0.49693045
   -0.26998984
    0.17619210
    0.07656264
    0.07263676
    0.08080121
    0.22192559
    0.23135453
   -0.39764929
    0.02943745
    0.27846521
   -0.51107668
   -0.06756076
   -0.08964064
    0.29011929
   -0.49802240
   -0.28397287
    0.17118327
    0.04200663
    0.05506797
    0.06119663
    0.04747192
    0.03976242
    0.21949921
    0.21901003
   -0.17380472
    0.02198812
    0.20432437
   -0.35811518
   -0.07644508
    0.01711412
   -0.03860682
   -0.04399570
   -0.03435139
   -0.03286452
   -0.02733306
    0.23021709
    0.09291124
    0.06367938
    0.07409046
    0.03518140
    0.05616647
    0.02573269
    0.03954854
    0.02873791
   -0.39402408
    0.03034674
    0.26152552
   -0.48979723
   -0.07600881
   -0.01337511
   -0.12125194
   -0.12584003
    0.17661814
    0.04512683
    0.04204046
    0.03227824
    0.04318811
    0.05505830
    0.03893715
    0.03542201
    0.05548981
    0.03894592
    0.04248834
   -0.18484838
    0.02587714
    0.20923910
   -0.34780694
    0.12734035
   -0.49529668
   -0.14971337
    0.21618168
    0.08630817
    0.03722464
    0.31595674
    0.06591171
    0.07750774
    0.08052670
   -0.40686352
    0.01902146
    0.26990323
   -0.46787087
   -0.07405924
    0.01617339
   -0.04200233
   -0.04439202
   -0.03718684
   -0.03751850
   -0.03282912
    0.17215298
    0.07091168
    0.02633324
    0.05342260
    0.04664399
    0.03547670
    0.04408225
    0.03674494
    0.03007487
   -0.18632521
    0.26288011
   -0.54111641
    0.22172091
    0.09191823
    0.01306986
   -0.06416575
    0.00672600
   -0.03486131
   -0.04449947
   -0.06753922
   -0.07799777
    0.13200709
   -0.44579208
    0.04655063
    0.03146045
   -0.00296765
    0.05744324
    0.06281331
    0.07580719
    0.33594992
   -0.07545377
    0.00990345
    0.28321458
   -0.50653606
   -0.08185329
   -0.07397963
   -0.03008419
    0.07299147
    0.07630348
    0.09972811
    0.05015762
    0.10416811
    0.09463364
    0.09195993
   -0.18213508
    0.02905649
    0.27323607
   -0.45103430
   -0.04801044
   -0.03470865
    0.22803221
    0.04724793
    0.11485176
    0.06624053
   -0.18743056
    0.03533317
    0.26117212
   -0.49109763
   -0.02121533
   -0.16244569
    0.21249188
    0.07245430
    0.05008540
    0.07477450
   -0.08678576
    0.02231984
    0.19138814
   -0.35433204
   -0.07808715
   -0.07926683
   -0.02412421
    0.09023854
    0.08650228
    0.08824764
    0.07081982
    0.09309244
    0.06939643
    0.08231637
   -0.38264892
    0.02954182
    0.19640934
   -0.39307712
   -0.06907644
   -0.01030550
   -0.11008272
   -0.12910715
    0.16053802
    0.08905870
    0.03566026
    0.03733557
    0.04345996
    0.04240286
    0.02146430
    0.03753696
    0.04351445
    0.04758295
    0.04868793
   -0.37136743
    0.03713288
    0.19059532
   -0.35241733
   -0.07160426
   -0.00986363
   -0.10153236
   -0.10876679
    0.17317343
    0.05131616
    0.06028819
    0.02406698
    0.04773428
    0.03301806
    0.00730957
    0.04539097
    0.03083729
    0.05259577
    0.01454697
   -0.37818927
   -0.03670081
    0.26239588
   -0.52055543
    0.18237771
    0.08686600
    0.08517553
   -0.17494197
    0.01695066
    0.27007774
   -0.49282405
   -0.07767810
   -0.01667640
   -0.12208403
   -0.10301151
    0.22392626
    0.07542427
    0.07464092
    0.03519211
    0.05323507
    0.05705162
    0.03462788
    0.06269903
    0.04683208
    0.02342745
    0.01413702
   -0.19801432
    0.02971051
    0.27997792
   -0.47518459
    0.13556350
   -0.49478355
   -0.13804076
    0.22685844
    0.07178420
    0.02346743
    0.31736558
    0.05493115
    0.06902539
    0.07194389
   -0.17800488
    0.04433558
    0.27347483
   -0.48247280
    0.01581858
   -0.37555523
    0.20001338
    0.07221053
    0.05274182
    0.04569351
    0.28930274
   -0.18285180
    0.02083414
    0.24686866
   -0.46025034
   -0.02489491
   -0.04897331
   -0.13475780
   -0.12716059
    0.22206603
    0.06275106
    0.06241628
    0.02567979
    0.01766660
    0.05400808
    0.05163539
    0.06475183
    0.05678697
    0.05288768
    0.03223415
   -0.11248506
    0.00055753
    0.28040273
   -0.48277930
   -0.08665566
   -0.09162164
   -0.03172027
    0.06657843
    0.07984275
    0.07727202
    0.09009151
    0.10449489
    0.08544139
    0.09763713
   -0.17915185
   -0.02633655
    0.27417451
   -0.50361754
    0.21909790
    0.09882183
    0.07737089
   -0.15819048
    0.02183475
    0.19702012
   -0.34502383
   -0.12193826
    0.27747005
   -0.49238987
   -0.26598057
    0.23085354
    0.11931773
    0.12079979
    0.07482547
    0.21190314
    0.24763454
   -0.37412354
   -0.02214139
    0.26795629
   -0.47254415
    0.18183226
    0.07656513
    0.02820219
   -0.18775267
    0.00030855
    0.26791175
   -0.46848414
    0.09848120
   -0.45478787
   -0.14689688
    0.21272686
    0.08842938
    0.06275399
    0.34020922
    0.06730597
    0.04008049
    0.07229137
   -0.18591253
    0.03321411
    0.26313755
   -0.49966471
    0.00675824
   -0.38959714
    0.22702251
    0.06021922
    0.06677645
    0.04627398
    0.28310991
   -0.15984073
    0.02924067
    0.26814635
   -0.51002514
   -0.07444788
   -0.00834929
   -0.05076582
   -0.04425021
   -0.05855778
   -0.07921128
    0.14831892
   -0.39221940
    0.23136465
    0.08104846
    0.07008201
    0.05698769
    0.03662986
    0.05603419
    0.05785242
    0.04270902
    0.31366000
   -0.17526235
    0.03071658
    0.27849265
   -0.46137848
   -0.07142438
   -0.00205253
   -0.04659880
   -0.04726997
   -0.06055492
   -0.08607556
    0.13806025
   -0.41962012
    0.22830098
    0.05993847
    0.05449276
    0.06452036
    0.03561864
    0.04647351
    0.05411332
    0.07576629
    0.33725773
   -0.19351854
    0.02550693
    0.35628810
   -0.48252327
   -0.07640793
   -0.00071886
   -0.11013711
   -0.11305738
   -0.35585379
    0.22611310
    0.08453059
    0.05350406
    0.05874170
    0.02698916
    0.04901901
    0.03556068
    0.03203615
    0.04837439
    0.04425292
    0.03443466
    0.39446208
   -0.39655302
    0.02117997
    0.25557257
   -0.49029971
   -0.03330708
   -0.06451323
   -0.13251048
   -0.13300841
    0.16350342
    0.04903902
    0.03829117
    0.04834586
    0.02612434
    0.03663409
    0.04410525
    0.06191608
    0.06029528
    0.03987145
    0.04236644
   -0.10577833
    0.00568217
    0.20636842
   -0.36110744
   -0.08067116
   -0.08554153
   -0.02339466
    0.09259751
    0.08386782
    0.08322655
    0.07758737
    0.08749286
    0.06611711
    0.08410428
   -0.30390390
    0.02075753
    0.18570287
   -0.38686759
   -0.06424215
   -0.07117716
   -0.01466313
    0.08184747
    0.05219786
    0.06264294
    0.04447352
    0.04310497
    0.04448020
    0.04658305
   -0.39060791
    0.03767710
    0.26313384
   -0.50527824
   -0.11252160
    0.28899750
   -0.51079794
   -0.28491203
    0.16680628
    0.07087239
    0.07897938
    0.07664497
    0.22100896
    0.22379467
   -0.10770120
    0.01053874
    0.20049281
   -0.36773512
   -0.07440631
   -0.08390604
   -0.01698504
    0.11573260
    0.08802989
    0.08587477
    0.06462463
    0.08896228
    0.06303570
    0.08066548
   -0.38627893
   -0.02098090
    0.26595759
   -0.48354480
    0.18442418
    0.07567420
    0.05855096
   -0.18497795
    0.00665628
    0.26838379
   -0.44541530
    0.10203095
   -0.46022230
   -0.13221375
    0.23052377
    0.06918725
    0.06554578
    0.33502295
    0.03611004
    0.03237400
    0.06043961
   -0.18377838
    0.03018910
    0.26498813
   -0.51862668
    0.00796670
   -0.32346569
    0.21105755
    0.08465884
    0.04325654
    0.05117281
    0.21247475
   -0.14289243
    0.02186715
    0.26395255
   -0.49273409
   -0.08044234
   -0.00564954
   -0.05280090
   -0.04208780
   -0.06313260
   -0.07795310
    0.14615335
   -0.39124378
    0.23711701
    0.07641071
    0.07042868
    0.08231276
    0.06542075
    0.03990628
    0.07513696
    0.02744507
    0.30613273
   -0.17104727
    0.02565743
    0.20331870
   -0.32622685
   -0.07145067
   -0.00465297
   -0.04703687
   -0.04354195
   -0.06582883
   -0.07592710
    0.13788139
   -0.44293248
    0.22386077
    0.08174091
    0.04877610
    0.07442823
    0.04547650
    0.03339939
    0.07159290
    0.06169513
    0.35858636
   -0.38948484
    0.01945071
    0.27635061
   -0.45081277
    0.11203496
   -0.47042760
   -0.12770204
    0.18200952
    0.03488171
    0.04775571
    0.32573854
    0.02308318
    0.02424305
    0.06927458
   -0.19251853
    0.03894248
    0.17569552
   -0.40847166
   -0.00218388
   -0.15678971
    0.20221701
    0.08837122
    0.03906686
    0.04740908
    0.09928545
    0.17429723
    0.17689936
    0.07665842
    0.17819052
    0.08457820
    0.19222416
    0.07742646
    0.18403764
    0.08936134
    0.19445706
    0.09213716
    0.11317102
    0.17707035
    0.06062703
    0.18213348
    0.10213994
    0.19222324
    0.07174930
    0.18299072
    0.08638559
    0.19341025
    0.06370314
    0.18288539
    0.09005021
    0.18608855
    0.08287683
    0.17502744
    0.07673227
    0.17204201
    0.08697294
    0.17162757
