   -0.39507165
    0.03051388
    0.27481763
   -0.46864293
   -0.03807731
   -0.07819527
    0.19099282
    0.05690713
    0.04524907
    0.09678235
   -0.18977214
    0.04212842
    0.27891696
   -0.48634020
   -0.11923829
    0.20105269
    0.05541253
    0.06772854
    0.07037983
    0.04784488
   -0.17243893
    0.03982480
    0.27217232
   -0.47884504
   -0.07586846
    0.01271361
   -0.04319483
   -0.03633424
   -0.02912793
   -0.02692314
   -0.03351016
    0.20535101
    0.07062572
    0.06431457
    0.06551893
    0.03637139
    0.02576364
    0.02875098
    0.03973420
    0.05283954
   -0.20780827
    0.05104054
    0.20584387
   -0.38300625
   -0.04007726
   -0.08384710
    0.37110459
   -0.62343819
   -0.63947069
    0.21859626
    0.04826300
    0.02887602
    0.06065857
    0.02049377
    0.02003504
   -0.38206773
    0.03520482
    0.19987984
   -0.36630679
   -0.05502025
   -0.09703243
    0.36171653
   -0.61568642
   -0.69528504
    0.15487771
    0.06130835
    0.05060544
    0.03590189
    0.02631003
    0.04133315
   -0.40387124
    0.04356775
    0.26335790
   -0.45595196
   -0.02972189
   -0.06957898
    0.20837616
    0.01421273
    0.08439859
    0.03150966
   -0.20087794
    0.04676191
    0.25962832
   -0.48274080
   -0.01688846
   -0.14051396
    0.21385755
    0.05682461
    0.04690536
    0.05878232
   -0.08552480
    0.01215953
    0.27108465
   -0.49124767
   -0.07361128
   -0.06684438
   -0.01516872
    0.09615260
    0.06238589
    0.07800911
    0.05502093
    0.06554944
    0.06003837
    0.07738907
   -0.18146462
   -0.04478858
    0.27868245
   -0.46125753
    0.24408899
    0.11142448
    0.09762363
   -0.21018209
    0.01840045
    0.26666905
   -0.47656567
   -0.06187400
   -0.00510514
   -0.10850165
   -0.12509859
    0.22037916
    0.08730133
    0.02708738
    0.05872240
    0.03808379
    0.04876868
    0.02063728
    0.04068337
    0.04965208
    0.04927119
    0.03853501
   -0.21395609
   -0.04349626
    0.26900195
   -0.48350453
    0.23274494
    0.11868621
    0.09475884
   -0.18232412
    0.01796452
    0.25828180
   -0.47158481
   -0.07238177
   -0.00369126
   -0.10016220
   -0.09451232
    0.21812176
    0.07989430
    0.06389444
    0.03493625
    0.03188727
    0.03489044
    0.01776567
    0.04359102
    0.02868372
    0.03501139
    0.01854637
   -0.17893698
    0.01856773
    0.19848879
   -0.37938907
    0.11897780
   -0.47958606
   -0.14548233
    0.22476393
    0.10433529
    0.04939748
    0.34292730
    0.05894232
    0.06518669
    0.08490902
   -0.39951888
    0.04348983
    0.26359884
   -0.52101238
    0.00281123
   -0.15719790
    0.18189120
    0.03987506
    0.04387385
    0.00995174
   -0.17135242
    0.02796653
    0.26643955
   -0.50276050
   -0.07474644
   -0.01049496
   -0.04825759
   -0.04491949
   -0.06031149
   -0.07819326
    0.14893607
   -0.41048233
    0.23580008
    0.07021741
    0.06761550
    0.06604461
    0.04659637
    0.03287557
    0.06876981
    0.04652768
    0.35001737
   -0.17817901
    0.03329559
    0.27568828
   -0.44402417
   -0.06709393
   -0.00002881
   -0.05011798
   -0.03569064
   -0.06225047
   -0.06309089
    0.13472536
   -0.41978314
    0.22505838
    0.04679926
    0.03302819
    0.07581436
    0.06162287
    0.03104925
    0.07361638
    0.02687462
    0.31061547
   -0.18849192
    0.02238760
    0.35567490
   -0.47703025
   -0.07962054
   -0.00739380
   -0.12628546
   -0.12398914
   -0.37457677
    0.21436560
    0.09632624
    0.05342105
    0.06438901
    0.02797978
    0.05707908
    0.04197009
    0.05798768
    0.04234530
    0.05598269
    0.05467481
    0.37874457
    0.05403259
   -0.45451811
    0.02255107
    0.04675180
    0.02320096
    0.31524453
    0.03631834
   -0.47579574
    0.05421522
    0.04279584
    0.03554974
    0.30711962
    0.03637336
   -0.46574775
    0.04560872
    0.03418815
    0.03942100
    0.30295170
    0.03804790
   -0.45716391
    0.04302484
    0.03795169
    0.02875867
    0.30634280
    0.02010026
   -0.49457992
    0.04291476
    0.04944705
    0.05977807
    0.34263549
   -0.60223597
    0.33609762
    0.29659834
   -0.61415163
    0.31407533
    0.29586342
   -0.63562695
    0.31856153
    0.32178633
   -0.62220229
    0.33554223
    0.31692434
   -0.62629262
    0.32496905
    0.31418541
   -0.63495683
    0.30774470
    0.32626276
   -0.62368722
    0.29810327
    0.32979790
   -0.61034712
    0.31575926
    0.28625574
   -0.12202418
   -0.08439965
    0.19555609
   -0.35094994
    0.28409906
    0.29279237
    0.30862706
    0.18569510
    0.16534913
    0.03076362
   -0.46480610
    0.02243426
    0.03701510
    0.06914052
    0.30406986
    0.04591073
   -0.47567701
    0.03018507
    0.05696071
    0.01359239
    0.32796557
    0.02703882
   -0.46703570
    0.06002106
    0.04059950
    0.03088351
    0.31069820
    0.03415351
   -0.47147948
    0.05709007
    0.02527201
    0.05256584
    0.29574882
    0.03292663
   -0.46894502
    0.05094947
    0.03037875
    0.04868803
    0.30408270
    0.04307317
   -0.46296712
    0.05984481
    0.05813016
   -0.00078245
    0.32636032
    0.04292462
   -0.50162429
    0.03933941
    0.03451626
    0.02596542
    0.33265822
    0.01979927
   -0.51856130
    0.06023885
    0.06915463
    0.03744155
    0.33197876
   -0.10718432
   -0.48625645
    0.22554012
    0.16193529
   -0.14655732
    0.36032461
   -0.08896329
   -0.51187630
    0.22793730
    0.18225843
   -0.11560572
    0.41832636
   -0.62192256
    0.31881294
    0.31669831
   -0.61218934
    0.29433633
    0.31300329
   -0.61708486
    0.31367044
    0.30618313
   -0.61494101
    0.30670439
    0.31095613
   -0.64914977
    0.30542512
    0.33985509
   -0.64118168
    0.32817221
    0.31387628
   -0.61048278
    0.30472078
    0.31630385
   -0.61804007
    0.32313080
    0.29213627
   -0.64074645
    0.30451372
    0.33529557
   -0.62510894
    0.30042721
    0.32014834
   -0.38541579
    0.03382984
    0.19438373
   -0.35270709
   -0.07878049
    0.01043495
   -0.04279702
   -0.04593765
   -0.03237306
   -0.03677761
   -0.04023234
    0.16798616
    0.07966723
    0.05634927
    0.04942463
    0.04089825
    0.03201178
    0.03283478
    0.03229346
    0.04309279
   -0.38935771
    0.04754786
    0.20426842
   -0.35870042
   -0.03743462
   -0.08282835
    0.36835164
   -0.63768146
   -0.63898529
    0.17464304
    0.02644631
    0.02612599
    0.05064396
    0.00469555
    0.01158226
   -0.40224939
    0.03687465
    0.26734811
   -0.47953996
   -0.04119280
   -0.08756191
    0.37054323
   -0.63308076
   -0.65081953
    0.16653659
    0.02245117
    0.02195465
    0.03850255
    0.00966096
    0.02146097
   -0.19689590
   -0.02318693
    0.19260094
   -0.33987705
    0.22735598
    0.10524803
    0.10425430
   -0.39627572
    0.04701376
    0.27518162
   -0.50460100
    0.00981894
   -0.41497513
    0.18098443
    0.06466667
    0.04046908
    0.07111322
    0.26582792
   -0.18942906
    0.03614523
    0.26492379
   -0.50027616
   -0.09454903
    0.28434883
   -0.49703094
   -0.27477374
    0.22726564
    0.06896525
    0.06028600
    0.07187870
    0.22992361
    0.23576230
   -0.16768426
    0.01156978
    0.27757895
   -0.47399106
   -0.01816074
   -0.13339843
   -0.13832933
    0.21712449
    0.09270409
    0.07040821
    0.05490649
    0.04066011
    0.06884300
    0.04334056
    0.06961987
    0.05193082
   -0.18014743
    0.01750914
    0.28162769
   -0.48876773
   -0.07317116
   -0.09112554
    0.28913940
   -0.48904246
   -0.28105068
    0.20478654
    0.08127624
    0.07414931
    0.06849391
    0.05957601
    0.04713696
    0.21970192
    0.21577108
   -0.18492661
    0.01279474
    0.27313896
   -0.45330597
   -0.07528935
    0.01328886
   -0.04100444
   -0.04467624
   -0.03540349
   -0.03201151
   -0.02670623
    0.21759333
    0.08977639
    0.04582933
    0.07719764
    0.04094364
    0.04265743
    0.02954353
    0.03432037
    0.03417322
   -0.18741538
    0.26593833
   -0.52405727
    0.21065302
    0.10222112
    0.01353889
   -0.07433696
    0.00505840
   -0.04573649
   -0.04045995
   -0.06812566
   -0.07251615
    0.13480221
   -0.45176718
    0.03657272
    0.07572633
    0.06075473
    0.02164186
    0.09548890
    0.03636541
    0.32958424
   -0.07490559
    0.02319249
    0.20322593
   -0.35407900
   -0.07446591
   -0.07632301
   -0.01726634
    0.07216872
    0.08614369
    0.07672902
    0.07405949
    0.08787182
    0.09736639
    0.05201098
   -0.29240497
    0.01852217
    0.27175049
   -0.51160547
   -0.05431801
   -0.05932359
    0.00376902
    0.05469702
    0.01747590
    0.03567586
    0.03826010
    0.03205538
    0.05736336
    0.03044690
   -0.17388730
   -0.03835487
    0.21347739
   -0.35860655
    0.22683892
    0.11357959
    0.11625107
   -0.40951822
    0.03245104
    0.26167652
   -0.49238727
   -0.07800882
   -0.01252678
   -0.12289838
   -0.12706826
    0.18934401
    0.04061529
    0.04805322
    0.03021904
    0.03866742
    0.05512606
    0.03913305
    0.03623871
    0.05601749
    0.04068501
    0.04327156
   -0.18804402
    0.02797492
    0.20553384
   -0.35483054
    0.12897177
   -0.49158503
   -0.14606890
    0.21613216
    0.08059829
    0.02959307
    0.31567500
    0.06992088
    0.07119121
    0.08013378
   -0.39472789
    0.02914406
    0.35899670
   -0.50477691
   -0.07194786
   -0.00572151
   -0.10493424
   -0.11971470
   -0.35672630
    0.17231831
    0.07259852
    0.03442194
    0.03037202
    0.03846620
    0.02812197
    0.03349498
    0.03334793
    0.05846832
    0.03547027
    0.04647519
    0.40596816
   -0.40183544
    0.03376948
    0.20076259
   -0.37879869
   -0.07312552
    0.01407732
   -0.03824928
   -0.04896312
   -0.03327300
   -0.03640151
   -0.02703706
    0.18199440
    0.05555623
    0.05768541
    0.04466384
    0.01645607
    0.05905827
    0.01786007
    0.05793416
    0.04069396
   -0.39756428
    0.03135602
    0.19900660
   -0.38760714
   -0.07414638
   -0.01180399
   -0.11839450
   -0.12629865
    0.17311372
    0.08218339
    0.04202373
    0.04716045
    0.03632209
    0.04628621
    0.04110104
    0.03927964
    0.04454628
    0.04124829
    0.04000724
   -0.38982770
   -0.02723947
    0.26320046
   -0.51782936
    0.18498343
    0.08288510
    0.06670088
   -0.17383346
    0.01720733
    0.26647959
   -0.48544666
   -0.08001522
   -0.01217268
   -0.11799405
   -0.09520489
    0.22129440
    0.07142632
    0.07939807
    0.04436925
    0.04002006
    0.04618514
    0.03868732
    0.06300087
    0.03359493
    0.01734125
    0.01722790
   -0.18531814
    0.01773086
    0.20416112
   -0.36847191
    0.12708342
   -0.47468020
   -0.13865959
    0.21972657
    0.11328769
    0.03973483
    0.33366992
    0.05548776
    0.05606108
    0.07582701
   -0.38478182
    0.02795945
    0.20451381
   -0.37156533
   -0.01986172
   -0.05599505
   -0.12907306
   -0.12508487
    0.17019918
    0.06680750
    0.03219616
    0.04430710
    0.02569723
    0.02897352
    0.04213273
    0.07144018
    0.05512672
    0.03608015
    0.03610824
   -0.39654581
    0.01697093
    0.27346611
   -0.46102872
    0.11543059
   -0.48499102
   -0.13619543
    0.17786620
    0.05131197
    0.03802448
    0.34043829
    0.05464382
    0.03106390
    0.05852731
   -0.19284802
    0.03399526
    0.26492553
   -0.51394906
    0.00814717
   -0.37628255
    0.21592001
    0.07177211
    0.05554128
    0.04410818
    0.27928545
   -0.16300422
    0.03301188
    0.26718166
   -0.49934866
   -0.07071234
   -0.00580910
   -0.05020686
   -0.04100744
   -0.05772588
   -0.07693373
    0.14947865
   -0.39347934
    0.23855975
    0.07164629
    0.06306529
    0.06705658
    0.04796511
    0.04334113
    0.06199766
    0.03193648
    0.30757587
   -0.17754909
    0.03330271
    0.27800686
   -0.45806364
   -0.06911563
   -0.00028325
   -0.05019269
   -0.03709489
   -0.06251164
   -0.06606672
    0.13760768
   -0.41662139
    0.22564714
    0.05719031
    0.04769451
    0.07096523
    0.04907763
    0.03036825
    0.06692021
    0.04489790
    0.31979739
   -0.19119350
    0.02588991
    0.35642684
   -0.48289965
   -0.07320036
   -0.00046337
   -0.10974271
   -0.11337975
   -0.36076755
    0.22347797
    0.08641567
    0.05452101
    0.05249498
    0.02987760
    0.04350449
    0.04450699
    0.04108536
    0.04364296
    0.04165018
    0.03957708
    0.38694960
   -0.31014176
    0.01847571
    0.27379690
   -0.49390976
   -0.07114949
   -0.06487108
    0.00589774
    0.05542981
    0.03839048
    0.06267818
    0.04544728
    0.04434879
    0.02829395
    0.04263677
   -0.18650145
   -0.02627629
    0.27211226
   -0.49589840
    0.21748163
    0.07343390
    0.10454571
   -0.17476200
    0.02783312
    0.26179470
   -0.47225745
   -0.11312896
    0.28677794
   -0.50432895
   -0.27583727
    0.21498649
    0.10560387
    0.10919071
    0.09464183
    0.24330900
    0.22814960
   -0.13450303
    0.01149505
    0.25747401
   -0.51105043
   -0.07297612
   -0.07479411
   -0.00988753
    0.09809157
    0.06325376
    0.09455602
    0.04484912
    0.06815740
    0.04717896
    0.09540859
   -0.17355305
    0.04461639
    0.25384535
   -0.50273311
   -0.08242280
    0.37333972
   -0.61395207
   -0.66186018
    0.20606078
    0.07648288
    0.02870610
    0.05483068
   -0.15861292
   -0.02934402
    0.18805174
   -0.36760875
    0.23199481
    0.12664619
    0.12560161
   -0.39703280
    0.04037375
    0.26315997
   -0.50865205
   -0.11355940
    0.28823986
   -0.50228268
   -0.27821576
    0.17101538
    0.06954414
    0.07586848
    0.08152444
    0.20633150
    0.23036879
   -0.12188274
    0.00721222
    0.26945181
   -0.50203318
   -0.07382936
   -0.07635119
   -0.00540853
    0.10129990
    0.08102593
    0.08363706
    0.05388557
    0.08265649
    0.04359380
    0.07989731
   -0.16518188
    0.03913239
    0.17700903
   -0.38882118
   -0.08445847
    0.37415447
   -0.59949925
   -0.65087357
    0.20100794
    0.09353618
    0.04035487
    0.06278700
   -0.39519492
    0.01411155
    0.27262471
   -0.46163998
    0.11253255
   -0.48095840
   -0.13721936
    0.17325607
    0.05071487
    0.05058899
    0.33498294
    0.04574367
    0.03707843
    0.06102584
   -0.18662135
    0.02803504
    0.26404700
   -0.50479573
    0.00469287
   -0.36852035
    0.21107473
    0.07793897
    0.05418168
    0.05548507
    0.26286326
   -0.14477415
    0.02375749
    0.26528722
   -0.50222834
   -0.07299879
   -0.00782950
   -0.04978550
   -0.04281158
   -0.06511891
   -0.07603810
    0.14760352
   -0.40325612
    0.22912720
    0.08050878
    0.06554558
    0.06550886
    0.04524361
    0.04416141
    0.06331288
    0.04545803
    0.32512120
   -0.16963800
    0.02785018
    0.20440274
   -0.32770033
   -0.07143503
   -0.00172214
   -0.04761767
   -0.04399289
   -0.06702378
   -0.08054125
    0.13648931
   -0.44504786
    0.22639530
    0.07981790
    0.05453831
    0.07392623
    0.04582329
    0.03864220
    0.07062319
    0.06008957
    0.35812275
    0.18458295
    0.07157638
    0.17776067
    0.07693559
    0.17165619
    0.09673564
    0.19907913
    0.12029122
    0.18348742
    0.10986740
    0.19727831
    0.09550249
    0.19509098
    0.08506556
    0.17804607
    0.06764223
    0.17778076
    0.05707773
    0.18056083
    0.08177574
    0.19772458
    0.08261750
    0.16525062
    0.07990641
    0.18927345
    0.05930275
    0.18153119
    0.18073421
    0.08312840
    0.18409992
    0.07477855
    0.17199898
    0.09995782
    0.17286720
    0.07446629
    0.19340166
