   -0.39504425
    0.03048335
    0.27480427
   -0.46857058
   -0.03813340
   -0.07805436
    0.19102154
    0.05691682
    0.04523494
    0.09685462
   -0.18976990
    0.04211044
    0.27891943
   -0.48640802
   -0.11924647
    0.20102713
    0.05545597
    0.06770669
    0.07039490
    0.04784009
   -0.17242576
    0.03981820
    0.27217388
   -0.47886906
   -0.07586096
    0.01267005
   -0.04316471
   -0.03635791
   -0.02908639
   -0.02694945
   -0.03345683
    0.20538241
    0.07058399
    0.06433403
    0.06550609
    0.03630821
    0.02576798
    0.02876236
    0.03978898
    0.05289874
   -0.20781085
    0.05104412
    0.20584430
   -0.38297367
   -0.04009421
   -0.08384220
    0.37110027
   -0.62349436
   -0.63946237
    0.21859695
    0.04823071
    0.02886769
    0.06068545
    0.02051469
    0.02001266
   -0.38208054
    0.03520337
    0.19987113
   -0.36632824
   -0.05503005
   -0.09703384
    0.36171070
   -0.61564772
   -0.69527564
    0.15486857
    0.06131409
    0.05062417
    0.03589958
    0.02630095
    0.04133265
   -0.40386100
    0.04357056
    0.26335518
   -0.45598656
   -0.02968838
   -0.06964884
    0.20835830
    0.01424500
    0.08433058
    0.03146019
   -0.20085906
    0.04678286
    0.25962848
   -0.48277968
   -0.01683698
   -0.14051858
    0.21387688
    0.05685437
    0.04681283
    0.05869888
   -0.08554225
    0.01218565
    0.27109161
   -0.49118663
   -0.07358993
   -0.06683108
   -0.01516683
    0.09612247
    0.06228808
    0.07801004
    0.05499843
    0.06557678
    0.06009307
    0.07744065
   -0.18149656
   -0.04472125
    0.27871712
   -0.46134558
    0.24407601
    0.11125123
    0.09755706
   -0.21020310
    0.01837498
    0.26666751
   -0.47653186
   -0.06186886
   -0.00507545
   -0.10848268
   -0.12515637
    0.22042737
    0.08727353
    0.02712923
    0.05875718
    0.03799413
    0.04882123
    0.02063376
    0.04075547
    0.04969083
    0.04942940
    0.03842575
   -0.21400591
   -0.04349957
    0.26900861
   -0.48351208
    0.23270143
    0.11864030
    0.09471066
   -0.18231224
    0.01796674
    0.25829484
   -0.47162729
   -0.07235699
   -0.00371056
   -0.10015936
   -0.09451284
    0.21811321
    0.07989512
    0.06387422
    0.03495969
    0.03185699
    0.03492736
    0.01780153
    0.04357582
    0.02870968
    0.03497361
    0.01858151
   -0.17895122
    0.01857192
    0.19840938
   -0.37955784
    0.11897625
   -0.47958103
   -0.14547161
    0.22476078
    0.10426959
    0.04932310
    0.34291598
    0.05895996
    0.06515893
    0.08488211
   -0.39951449
    0.04348742
    0.26359842
   -0.52098677
    0.00280014
   -0.15708643
    0.18191606
    0.03986901
    0.04390870
    0.00991469
   -0.17135636
    0.02796439
    0.26644078
   -0.50277567
   -0.07475294
   -0.01048225
   -0.04825577
   -0.04492340
   -0.06031656
   -0.07819743
    0.14892136
   -0.41050613
    0.23579133
    0.07023881
    0.06764703
    0.06603797
    0.04657443
    0.03291334
    0.06874291
    0.04654289
    0.35002071
   -0.17816617
    0.03328397
    0.27568883
   -0.44400788
   -0.06711444
   -0.00001501
   -0.05013909
   -0.03567195
   -0.06226782
   -0.06308275
    0.13469742
   -0.41987160
    0.22508083
    0.04680580
    0.03309202
    0.07586654
    0.06167644
    0.03114624
    0.07358596
    0.02683812
    0.31053568
   -0.18849009
    0.02238606
    0.35567382
   -0.47707382
   -0.07961906
   -0.00739799
   -0.12628647
   -0.12399502
   -0.37456106
    0.21435502
    0.09634400
    0.05341626
    0.06436751
    0.02800593
    0.05706696
    0.04197164
    0.05801892
    0.04234250
    0.05597036
    0.05470814
    0.37870572
    0.05400569
   -0.45452175
    0.02256564
    0.04673936
    0.02323341
    0.31524444
    0.03633233
   -0.47584182
    0.05420517
    0.04277688
    0.03561917
    0.30711407
    0.03626997
   -0.46562050
    0.04552818
    0.03458940
    0.03918358
    0.30286436
    0.03803969
   -0.45712007
    0.04299473
    0.03799433
    0.02873067
    0.30632349
    0.02011144
   -0.49455396
    0.04288878
    0.04942944
    0.05976392
    0.34265250
   -0.60220496
    0.33605664
    0.29660804
   -0.61415837
    0.31406211
    0.29588108
   -0.63563509
    0.31855666
    0.32180108
   -0.62215017
    0.33555852
    0.31684472
   -0.62632302
    0.32495891
    0.31422075
   -0.63491508
    0.30770409
    0.32626122
   -0.62367588
    0.29806341
    0.32984301
   -0.61034441
    0.31574415
    0.28626743
   -0.12386860
   -0.08243059
    0.19691983
   -0.35216988
    0.28570382
    0.29960426
    0.30827421
    0.18583647
    0.16242999
    0.03087791
   -0.46472305
    0.02253676
    0.03673019
    0.06894593
    0.30421829
    0.04591205
   -0.47566302
    0.03017068
    0.05693286
    0.01359360
    0.32799107
    0.02704676
   -0.46705675
    0.06002823
    0.04063521
    0.03087200
    0.31067936
    0.03414813
   -0.47145959
    0.05712644
    0.02524801
    0.05256231
    0.29572620
    0.03294502
   -0.46891363
    0.05096185
    0.03030850
    0.04869836
    0.30407778
    0.04305495
   -0.46296687
    0.05981630
    0.05813435
   -0.00076875
    0.32638742
    0.04291261
   -0.50162072
    0.03938311
    0.03450104
    0.02594259
    0.33266032
    0.01893658
   -0.51870044
    0.05738410
    0.06906416
    0.04049159
    0.33264202
   -0.10722368
   -0.48638358
    0.22559048
    0.16188765
   -0.14636612
    0.36109878
   -0.08890731
   -0.51189586
    0.22794799
    0.18242137
   -0.11568704
    0.41829223
   -0.62193601
    0.31882524
    0.31671039
   -0.61214464
    0.29428806
    0.31300883
   -0.61705791
    0.31366032
    0.30616610
   -0.61489659
    0.30662227
    0.31100330
   -0.64928450
    0.30538330
    0.34004583
   -0.64119413
    0.32799492
    0.31406880
   -0.61035229
    0.30466387
    0.31622935
   -0.61794880
    0.32309007
    0.29208442
   -0.64072140
    0.30449910
    0.33528753
   -0.62508808
    0.30039651
    0.32015825
   -0.38540358
    0.03383101
    0.19438626
   -0.35268445
   -0.07877108
    0.01042934
   -0.04279421
   -0.04592520
   -0.03237602
   -0.03677521
   -0.04021756
    0.16800478
    0.07965154
    0.05636476
    0.04939295
    0.04085645
    0.03205339
    0.03277013
    0.03233548
    0.04307566
   -0.38934827
    0.04753937
    0.20427931
   -0.35870959
   -0.03743944
   -0.08283469
    0.36832234
   -0.63756102
   -0.63893650
    0.17466861
    0.02639316
    0.02615525
    0.05072744
    0.00468208
    0.01150004
   -0.40222750
    0.03687826
    0.26734046
   -0.47949312
   -0.04118887
   -0.08755158
    0.37055216
   -0.63315981
   -0.65086130
    0.16653141
    0.02244923
    0.02193878
    0.03850630
    0.00966751
    0.02146185
   -0.19690319
   -0.02318752
    0.19259931
   -0.33983603
    0.22733734
    0.10522586
    0.10425329
   -0.39727702
    0.05110096
    0.27492636
   -0.50405363
    0.01059333
   -0.41391571
    0.18192460
    0.05830835
    0.03918315
    0.06963352
    0.26686061
   -0.18918832
    0.03665741
    0.26537972
   -0.50103291
   -0.09620522
    0.28458979
   -0.49719673
   -0.27470851
    0.22596649
    0.06895554
    0.06079471
    0.07496350
    0.22997934
    0.23577006
   -0.16800298
    0.01190175
    0.27753335
   -0.47458055
   -0.01814182
   -0.13327010
   -0.13840217
    0.21737669
    0.09169872
    0.07037034
    0.05514142
    0.04011803
    0.06888955
    0.04343453
    0.06990630
    0.05208120
   -0.18018584
    0.01762062
    0.28150235
   -0.48961790
   -0.07307877
   -0.09105105
    0.28918524
   -0.48920837
   -0.28107357
    0.20487139
    0.08087709
    0.07393299
    0.06848807
    0.05965759
    0.04724447
    0.21978092
    0.21581416
   -0.18567869
    0.01176260
    0.26701138
   -0.45743003
   -0.07782015
    0.01364467
   -0.04100328
   -0.04479121
   -0.03560474
   -0.03214383
   -0.02691104
    0.21716905
    0.08882188
    0.04673572
    0.07752956
    0.04091636
    0.04244789
    0.02925767
    0.03384285
    0.03376225
   -0.18137031
    0.26342093
   -0.52173498
    0.21016029
    0.09477415
    0.02418097
   -0.08458249
   -0.01668222
   -0.04063729
   -0.05744311
   -0.07771926
   -0.11328468
    0.16053171
   -0.38309901
    0.04088439
    0.05290785
    0.02980809
    0.04621876
    0.04669992
    0.05079843
    0.39974056
   -0.07581722
    0.02446633
    0.20332034
   -0.35458274
   -0.07438907
   -0.07589042
   -0.01545830
    0.07094994
    0.08631225
    0.07696335
    0.07314926
    0.08821610
    0.09588439
    0.05143363
   -0.29238292
    0.01851516
    0.27171877
   -0.51167023
   -0.05433179
   -0.05930969
    0.00377867
    0.05459539
    0.01754915
    0.03556423
    0.03832999
    0.03199195
    0.05735175
    0.03034759
   -0.17375245
   -0.03847824
    0.21351895
   -0.35850031
    0.22675061
    0.11394222
    0.11639424
   -0.40953075
    0.03245488
    0.26167707
   -0.49233508
   -0.07801368
   -0.01254434
   -0.12290138
   -0.12706087
    0.18940679
    0.04058872
    0.04808977
    0.03017494
    0.03875479
    0.05515874
    0.03908030
    0.03629369
    0.05603476
    0.04066896
    0.04321097
   -0.18807097
    0.02796942
    0.20555175
   -0.35484400
    0.12896386
   -0.49158280
   -0.14606039
    0.21611372
    0.08061236
    0.02960080
    0.31564077
    0.06991385
    0.07121004
    0.08009100
   -0.39470410
    0.02914947
    0.35899434
   -0.50493262
   -0.07196755
   -0.00572129
   -0.10493631
   -0.11969391
   -0.35661298
    0.17238896
    0.07255379
    0.03448409
    0.03030320
    0.03850847
    0.02807619
    0.03353546
    0.03333758
    0.05845978
    0.03540277
    0.04645708
    0.40602834
   -0.40184872
    0.03376498
    0.20075843
   -0.37889025
   -0.07311994
    0.01406845
   -0.03823975
   -0.04897358
   -0.03326156
   -0.03640696
   -0.02703000
    0.18202948
    0.05551966
    0.05771225
    0.04463231
    0.01639785
    0.05907942
    0.01786853
    0.05799038
    0.04074363
   -0.39756173
    0.03135948
    0.19900166
   -0.38760153
   -0.07415204
   -0.01179791
   -0.11839058
   -0.12627742
    0.17314424
    0.08214705
    0.04206379
    0.04715876
    0.03632604
    0.04627956
    0.04114112
    0.03925907
    0.04452409
    0.04120216
    0.03998492
   -0.38977673
   -0.02725103
    0.26320401
   -0.51783857
    0.18493541
    0.08278393
    0.06674444
   -0.17382545
    0.01718252
    0.26648407
   -0.48551607
   -0.08000861
   -0.01217846
   -0.11799737
   -0.09524058
    0.22131179
    0.07144772
    0.07937651
    0.04435641
    0.04004974
    0.04625636
    0.03867894
    0.06297360
    0.03369321
    0.01734433
    0.01722068
   -0.18532364
    0.01773606
    0.20412902
   -0.36842646
    0.12709014
   -0.47466865
   -0.13865543
    0.21974498
    0.11326721
    0.03968702
    0.33363274
    0.05551175
    0.05607546
    0.07575635
   -0.38477438
    0.02796021
    0.20450213
   -0.37152405
   -0.01988190
   -0.05598281
   -0.12908850
   -0.12509180
    0.17022405
    0.06678285
    0.03225706
    0.04427935
    0.02571578
    0.02900316
    0.04212961
    0.07141691
    0.05509778
    0.03611721
    0.03606228
   -0.39655484
    0.01696906
    0.27346397
   -0.46105277
    0.11542012
   -0.48500266
   -0.13620775
    0.17784771
    0.05132032
    0.03802303
    0.34043536
    0.05466028
    0.03108973
    0.05854691
   -0.19285191
    0.03400239
    0.26490474
   -0.51387032
    0.00816541
   -0.37640882
    0.21594013
    0.07172197
    0.05558630
    0.04413074
    0.27934039
   -0.16296848
    0.03298341
    0.26717033
   -0.49944389
   -0.07071119
   -0.00584518
   -0.05022971
   -0.04101480
   -0.05768651
   -0.07688398
    0.14955015
   -0.39355156
    0.23852353
    0.07171164
    0.06310253
    0.06702225
    0.04790121
    0.04344379
    0.06181132
    0.03198118
    0.30759715
   -0.17748251
    0.03329968
    0.27804009
   -0.45803571
   -0.06918812
   -0.00016715
   -0.04996876
   -0.03711967
   -0.06236689
   -0.06617505
    0.13753533
   -0.41679016
    0.22569942
    0.05724735
    0.04786536
    0.07105484
    0.04905302
    0.03043268
    0.06678421
    0.04492584
    0.31978762
   -0.19127962
    0.02589169
    0.35646971
   -0.48308716
   -0.07315732
   -0.00044118
   -0.10971334
   -0.11330016
   -0.36066132
    0.22352660
    0.08636370
    0.05456063
    0.05234218
    0.02993343
    0.04343371
    0.04457376
    0.04107249
    0.04363050
    0.04148317
    0.03950496
    0.38693179
   -0.31023522
    0.01846170
    0.27379469
   -0.49385054
   -0.07118189
   -0.06489640
    0.00588251
    0.05549476
    0.03846959
    0.06281888
    0.04543096
    0.04449216
    0.02822407
    0.04273691
   -0.18655848
   -0.02618312
    0.27209609
   -0.49595045
    0.21742502
    0.07305430
    0.10437045
   -0.17471897
    0.02780392
    0.26177352
   -0.47205788
   -0.11315158
    0.28677014
   -0.50433523
   -0.27582099
    0.21501045
    0.10560131
    0.10931320
    0.09465407
    0.24335757
    0.22820496
   -0.13448158
    0.01152726
    0.25755660
   -0.51152839
   -0.07298138
   -0.07482924
   -0.00991888
    0.09801544
    0.06308739
    0.09458648
    0.04489273
    0.06827799
    0.04732980
    0.09555303
   -0.17354341
    0.04466040
    0.25385670
   -0.50243297
   -0.08239893
    0.37329257
   -0.61380658
   -0.66160395
    0.20626908
    0.07619730
    0.02889797
    0.05468076
   -0.15872753
   -0.02939957
    0.18806241
   -0.36800225
    0.23156827
    0.12708134
    0.12562852
   -0.39692776
    0.04042010
    0.26318132
   -0.50866073
   -0.11349092
    0.28825649
   -0.50206442
   -0.27826541
    0.17106237
    0.06947634
    0.07581439
    0.08131372
    0.20620085
    0.23023441
   -0.12183938
    0.00721559
    0.26944872
   -0.50213686
   -0.07381233
   -0.07635514
   -0.00542573
    0.10112150
    0.08107875
    0.08354006
    0.05402096
    0.08268765
    0.04371024
    0.07981696
   -0.16518079
    0.03908293
    0.17697841
   -0.38924305
   -0.08454675
    0.37414223
   -0.59960361
   -0.65058546
    0.20098379
    0.09359163
    0.04053022
    0.06311400
   -0.39518540
    0.01410747
    0.27262556
   -0.46165940
    0.11253368
   -0.48095235
   -0.13722293
    0.17324338
    0.05073763
    0.05057140
    0.33500317
    0.04576697
    0.03705295
    0.06102285
   -0.18662132
    0.02804127
    0.26404674
   -0.50479117
    0.00469416
   -0.36850288
    0.21109139
    0.07793995
    0.05417951
    0.05545853
    0.26289758
   -0.14478316
    0.02375782
    0.26528738
   -0.50220052
   -0.07300802
   -0.00782323
   -0.04979771
   -0.04280574
   -0.06512585
   -0.07602864
    0.14759394
   -0.40328279
    0.22914084
    0.08049531
    0.06557727
    0.06553962
    0.04526849
    0.04417914
    0.06329684
    0.04543004
    0.32509887
   -0.16963667
    0.02785318
    0.20439950
   -0.32772978
   -0.07143133
   -0.00170778
   -0.04761489
   -0.04399527
   -0.06702728
   -0.08055052
    0.13646598
   -0.44510066
    0.22637273
    0.07985750
    0.05455626
    0.07388765
    0.04577445
    0.03870879
    0.07054857
    0.06012681
    0.35814724
    0.18459308
    0.07156496
    0.17776313
    0.07693603
    0.17169426
    0.09664792
    0.19908608
    0.11569509
    0.18347911
    0.11006600
    0.19711053
    0.09566639
    0.19510285
    0.08508246
    0.17804867
    0.06761943
    0.17773080
    0.05701883
    0.18058477
    0.08179553
    0.19756719
    0.08220613
    0.16517298
    0.07972790
    0.18930802
    0.05928890
    0.18153554
    0.18075037
    0.08314224
    0.18408084
    0.07480522
    0.17205126
    0.09994335
    0.17285176
    0.07445192
    0.19339113
