   -0.11952793
   -0.10146392
    0.27028709
   -0.47036424
    0.29704713
    0.31306500
    0.29565921
    0.16692283
    0.14124034
   -0.16235401
    0.01551491
    0.27656770
   -0.45474178
   -0.04154117
   -0.05848911
    0.24589470
    0.09491523
    0.05328464
    0.10471761
   -0.19392118
    0.05505099
    0.27446366
   -0.49667833
   -0.10670052
    0.21069386
    0.06039442
    0.03600317
    0.07886327
    0.03667633
   -0.17042762
    0.03438101
    0.27079800
   -0.49718588
   -0.07893038
    0.01003439
   -0.04564172
   -0.03725723
   -0.03119428
   -0.02867561
   -0.03548035
    0.20758344
    0.07606143
    0.06517079
    0.07183431
    0.04047829
    0.02561850
    0.03239108
    0.04799347
    0.05924877
   -0.20905269
    0.03734487
    0.27526090
   -0.47170335
   -0.05153231
   -0.08586668
    0.37445711
   -0.63711272
   -0.63932217
    0.22854025
    0.03501095
    0.04107693
    0.06758700
    0.02362659
    0.01071024
   -0.19713311
   -0.03742854
    0.26738291
   -0.48296384
    0.21806342
    0.09925070
    0.11376691
   -0.17054463
    0.01746578
    0.27745712
   -0.50453481
   -0.06120398
   -0.09591927
    0.36049080
   -0.62289939
   -0.65622477
    0.20026272
    0.07784690
    0.06550063
    0.03977185
    0.04089921
    0.03312243
   -0.17586578
    0.01544374
    0.28930077
   -0.52545324
    0.07630936
   -0.45916952
    0.22065474
    0.08452525
    0.05091863
    0.05521972
    0.35952534
   -0.15853728
    0.04311520
    0.27138240
   -0.48691861
   -0.01316930
   -0.12526857
    0.23067617
    0.08671242
    0.06374772
    0.06089733
   -0.18325209
    0.03696380
    0.26603332
   -0.50137267
   -0.09834497
    0.28445518
   -0.48389792
   -0.26382455
    0.22369832
    0.07114157
    0.06580043
    0.07806502
    0.23850315
    0.24855846
   -0.16591867
    0.01030349
    0.27013406
   -0.45536125
   -0.01598757
   -0.10921006
   -0.13980385
    0.21762283
    0.07888718
    0.07996793
    0.03655831
    0.00502844
    0.05777750
    0.04635144
    0.06119921
    0.07823803
   -0.16389045
    0.00403213
    0.27322465
   -0.46739063
   -0.07619073
   -0.10270292
    0.28817536
   -0.49028280
   -0.28487834
    0.20804425
    0.09989522
    0.07874259
    0.06601585
    0.08234639
    0.06009911
    0.22412465
    0.23793455
   -0.18037348
    0.00048885
    0.25907727
   -0.44487540
   -0.07963784
    0.01418493
   -0.04259881
   -0.04471265
   -0.03817795
   -0.03643293
   -0.03264886
    0.20836974
    0.11412676
    0.03346745
    0.08136203
    0.05834332
    0.02629399
    0.05921045
    0.03760625
    0.04316406
   -0.18503359
    0.26702491
   -0.54725695
    0.21127608
    0.09456129
    0.02213630
   -0.08332664
   -0.01937350
   -0.04286243
   -0.06992808
   -0.06532278
   -0.12169924
    0.16178765
   -0.42026996
    0.06279828
    0.03334838
   -0.01260327
    0.08136178
   -0.00852421
    0.06803724
    0.40574842
   -0.07868668
    0.02423675
    0.28461638
   -0.49978711
   -0.08336496
   -0.07490189
   -0.02717253
    0.04966667
    0.06186051
    0.09808733
    0.05031544
    0.10043538
    0.10483437
    0.08426178
   -0.20238955
    0.04402740
    0.27050408
   -0.46278926
   -0.03207157
   -0.11134900
    0.21999781
    0.05054074
    0.07872620
    0.06442420
   -0.18986154
    0.04456585
    0.25715376
   -0.47770710
   -0.02713213
   -0.12147021
    0.22376203
    0.05761344
    0.05544387
    0.06887102
   -0.08547968
    0.01279263
    0.27069250
   -0.48125198
   -0.07270887
   -0.06643401
   -0.01670972
    0.08898479
    0.06343831
    0.06788293
    0.06144012
    0.05762074
    0.06725041
    0.07066720
   -0.18142388
   -0.04344293
    0.27823671
   -0.44707550
    0.23706565
    0.10651909
    0.09854549
   -0.20539026
    0.00811233
    0.25962265
   -0.45618494
   -0.07033307
   -0.00892225
   -0.11179630
   -0.13430218
    0.20971794
    0.10775087
    0.02143293
    0.07398659
    0.03440897
    0.05546636
    0.01337138
    0.04044736
    0.06533284
    0.04946385
    0.04758484
   -0.20545492
   -0.04951971
    0.26749752
   -0.49217684
    0.22616964
    0.11605170
    0.12037342
   -0.18296511
    0.01795435
    0.26173911
   -0.48335177
   -0.07414221
   -0.01166529
   -0.11026671
   -0.10434956
    0.22241148
    0.08306907
    0.06117200
    0.02282936
    0.05181104
    0.05565175
    0.01427764
    0.04695325
    0.05072461
    0.04112416
    0.01111460
   -0.19336824
    0.02798543
    0.27943780
   -0.48025916
    0.13168329
   -0.49833134
   -0.13925460
    0.23048069
    0.07075050
    0.03072471
    0.32257199
    0.05458172
    0.07264531
    0.08145208
   -0.17990315
    0.04836399
    0.27131788
   -0.48046433
   -0.01788102
   -0.09812953
    0.20742488
    0.05799591
    0.06572130
    0.07666156
   -0.18824618
    0.02429367
    0.25263744
   -0.47821629
   -0.02087728
   -0.04662224
   -0.13619119
   -0.12408145
    0.21266167
    0.05876095
    0.05781442
    0.01840661
    0.00417327
    0.05524636
    0.08133177
    0.05587850
    0.07012460
    0.05842963
    0.03173353
   -0.11017375
    0.00634621
    0.28095125
   -0.48634944
   -0.08401716
   -0.08934340
   -0.01117366
    0.06864851
    0.07965688
    0.09353802
    0.07761893
    0.11081005
    0.06815188
    0.09225070
   -0.17916996
   -0.00796247
    0.19593262
   -0.37177500
    0.21970998
    0.08739832
    0.08585472
   -0.31703610
    0.02240142
    0.25464861
   -0.55498773
   -0.06296490
   -0.07408662
   -0.00276959
    0.04399610
    0.03209901
    0.07281661
    0.04206071
    0.06878117
    0.05211549
    0.06333209
   -0.16433309
    0.03922824
    0.25496023
   -0.50476988
   -0.08969702
    0.37763758
   -0.59974202
   -0.67289063
    0.22676355
    0.07111043
    0.04639870
    0.05366481
   -0.16992487
   -0.02047363
    0.26848746
   -0.47532247
    0.22854858
    0.11038311
    0.05545407
   -0.17555582
    0.00799060
    0.27005262
   -0.46180751
    0.10984765
   -0.45301564
   -0.14102390
    0.22665407
    0.07140608
    0.07078687
    0.33014723
    0.04142164
    0.03739874
    0.09645654
   -0.19271512
    0.03801827
    0.26167023
   -0.50233031
   -0.01913409
   -0.10697925
    0.22331127
    0.05656120
    0.07584404
    0.04840132
   -0.15490204
    0.02794013
    0.26669882
   -0.50299990
   -0.06829729
   -0.01587730
   -0.04740404
   -0.04439970
   -0.06049049
   -0.07661283
    0.15009464
   -0.41948065
    0.23303808
    0.07632315
    0.06273917
    0.05262785
    0.02925072
    0.04865103
    0.06128768
    0.06485390
    0.36526028
   -0.16720494
    0.02441433
    0.27838799
   -0.45555097
   -0.06481225
   -0.00670988
   -0.04519112
   -0.04583309
   -0.06692903
   -0.07910103
    0.13294269
   -0.42079458
    0.20872863
    0.05854410
    0.04152640
    0.05873153
    0.04782537
    0.04185143
    0.07343436
    0.06849314
    0.34552457
   -0.18843802
    0.02029349
    0.35517472
   -0.46378694
   -0.07584172
   -0.00334035
   -0.10411721
   -0.11968670
   -0.34547066
    0.22267606
    0.10035558
    0.04773887
    0.06111269
    0.02878325
    0.04021303
    0.02832400
    0.03392608
    0.05752346
    0.04871428
    0.04601269
    0.39510473
    0.02312701
   -0.47985206
    0.06063327
    0.01588003
    0.06599957
    0.32797568
    0.03846882
   -0.45723731
    0.02695506
    0.04865618
    0.02984621
    0.31879097
    0.03219723
   -0.47926144
    0.05657762
    0.04727390
    0.03539108
    0.30886807
    0.03642424
   -0.46588309
    0.04711279
    0.03294359
    0.04046034
    0.30162926
    0.01052913
   -0.45918778
    0.06769038
    0.05565480
    0.04568004
    0.34862610
    0.06362784
   -0.45372879
    0.08160974
    0.07630582
   -0.06024180
    0.30751937
    0.03422643
   -0.44551889
    0.03473197
    0.04320689
    0.02791080
    0.30210770
    0.03748523
   -0.49900284
    0.04248953
    0.02030481
    0.04847346
    0.34046947
    0.02242024
   -0.50790973
    0.03023109
    0.05911008
    0.05325449
    0.34514750
   -0.61053915
    0.33347524
    0.30662476
   -0.60637285
    0.30463096
    0.29742475
   -0.63020212
    0.29702719
    0.31829662
   -0.62819233
    0.29480369
    0.32838608
   -0.62473089
    0.33056225
    0.32306227
   -0.61895011
    0.32150778
    0.30966589
   -0.62879780
    0.30268228
    0.33233052
   -0.60415042
    0.30605019
    0.28983074
    0.01005897
   -0.46226928
    0.05065673
    0.04767732
    0.07425761
    0.31200813
    0.01374159
   -0.47587158
    0.04897133
    0.01874727
    0.06437898
    0.33202048
    0.04174936
   -0.44902731
    0.01816596
    0.06336759
    0.02146248
    0.30775778
    0.03229555
   -0.50160701
    0.03650561
    0.04709278
    0.03750332
    0.35033407
    0.02624618
   -0.46194018
    0.06347384
    0.03630794
    0.03212776
    0.30627823
    0.03337367
   -0.46862425
    0.04236954
    0.03316555
    0.04816013
    0.30952923
    0.00513895
   -0.44028560
    0.06758446
    0.06227752
    0.05301116
    0.36705032
    0.05600674
   -0.44593586
    0.07846875
    0.06917711
   -0.05370053
    0.31514176
    0.03290758
   -0.46011969
    0.03249407
    0.05825466
    0.02838647
    0.30498360
    0.03893125
   -0.48503518
    0.02489986
    0.03765517
    0.03932225
    0.34533770
    0.04136531
   -0.50484076
    0.03913340
    0.02729210
    0.02630049
    0.34118420
    0.02079839
   -0.50300645
    0.04101825
    0.04440752
    0.06586103
    0.33319355
   -0.11076742
   -0.54111821
    0.23030480
    0.19861566
   -0.09146509
    0.44765115
   -0.12021436
   -0.51300572
    0.22868901
    0.16732617
   -0.12834869
    0.40760205
   -0.61330591
    0.29966289
    0.30916987
   -0.61435618
    0.31265564
    0.30421128
   -0.61478878
    0.30667962
    0.31107828
   -0.63407980
    0.29631994
    0.30282865
   -0.64346248
    0.30827155
    0.31115328
   -0.63632461
    0.30582717
    0.32869566
   -0.61308881
    0.31807979
    0.29227076
   -0.61970636
    0.30874379
    0.31698303
   -0.61762175
    0.31998742
    0.32122745
   -0.63176433
    0.29994393
    0.32793322
   -0.11900299
   -0.09626047
    0.27339390
   -0.45519487
    0.30116830
    0.30085127
    0.29892337
    0.16579710
    0.12379529
   -0.16329507
    0.01680366
    0.28151058
   -0.47959784
   -0.04515571
   -0.04660818
    0.23283441
    0.10258598
    0.06964366
    0.12152074
   -0.19642846
    0.06385452
    0.27601494
   -0.47690012
   -0.09961836
    0.22543024
    0.03914395
    0.05275464
    0.07541342
    0.02163825
   -0.17766230
    0.04072983
    0.27256821
   -0.49749495
   -0.07233376
    0.00769884
   -0.04567610
   -0.03641881
   -0.03079557
   -0.02945685
   -0.03603221
    0.19100116
    0.08383752
    0.04165177
    0.06122973
    0.04966304
    0.00315856
    0.05324706
    0.03616720
    0.06773438
   -0.20940370
    0.04012007
    0.27909232
   -0.49226092
   -0.04779460
   -0.08784784
    0.38010431
   -0.64117599
   -0.64910142
    0.22463062
    0.04866612
    0.04788946
    0.05279820
    0.01763374
    0.03067151
   -0.19802973
   -0.03071305
    0.26899820
   -0.48382353
    0.22893503
    0.10729393
    0.10012115
   -0.18184379
    0.04033288
    0.27924961
   -0.49807684
   -0.04155473
   -0.08463528
    0.36740323
   -0.64501022
   -0.65112407
    0.20129200
    0.04495219
    0.03290757
    0.03161081
    0.04109099
    0.03683383
   -0.17882320
    0.02538187
    0.28877237
   -0.53728238
    0.08062418
   -0.46021622
    0.22227064
    0.08037369
    0.03636549
    0.04278723
    0.36792891
   -0.14103572
    0.03968608
    0.26831416
   -0.46955674
    0.01017100
   -0.38163427
    0.22675596
    0.08069101
    0.07716636
    0.04050011
    0.26874792
   -0.16866586
    0.02950485
    0.19492311
   -0.34204759
   -0.10421328
    0.28736358
   -0.48049866
   -0.27255269
    0.21834017
    0.10460384
    0.08430090
    0.08145568
    0.24044103
    0.25251634
   -0.38986014
    0.04505483
    0.20337545
   -0.35912042
   -0.03840984
   -0.08430467
    0.37414156
   -0.63763048
   -0.66216306
    0.17602321
    0.02782906
    0.03158537
    0.04925607
    0.00881669
    0.01739158
   -0.39363253
    0.04339100
    0.27032051
   -0.49073266
   -0.06504619
    0.01075791
   -0.04316285
   -0.03558060
   -0.03374881
   -0.03456050
   -0.03789061
    0.15180022
    0.05637435
    0.02986645
    0.03635074
    0.03705786
    0.00374773
    0.05547710
    0.03893566
    0.05983483
   -0.22164650
    0.04004194
    0.28228055
   -0.49479392
   -0.05099635
   -0.08866365
    0.36847844
   -0.62370381
   -0.63323515
    0.22224401
    0.04395672
    0.04289024
    0.05198757
    0.01005528
    0.02707931
   -0.20218961
   -0.02508123
    0.26559008
   -0.46968670
    0.23030737
    0.08930550
    0.08446755
   -0.17898351
    0.03792981
    0.27750832
   -0.49724937
   -0.04650859
   -0.08568022
    0.37135797
   -0.62417371
   -0.70144522
    0.20292515
    0.04886595
    0.03593379
    0.04677005
    0.03386018
    0.04606067
   -0.17586106
    0.01887057
    0.28922918
   -0.55758347
    0.07875979
   -0.45313197
    0.22187926
    0.10642042
    0.04479220
    0.03907811
    0.34970656
   -0.14547797
    0.03855164
    0.18552337
   -0.32001078
   -0.00042181
   -0.37418122
    0.24640738
    0.09172732
    0.08658889
    0.06253982
    0.25962834
   -0.39630065
    0.03919188
    0.20487949
   -0.36610346
   -0.10889961
    0.28222476
   -0.49669883
   -0.27006175
    0.17636879
    0.07642741
    0.07246987
    0.08097113
    0.22166159
    0.23114759
   -0.39761274
    0.02943770
    0.27845829
   -0.51085026
   -0.06748843
   -0.08961354
    0.29014352
   -0.49815990
   -0.28391125
    0.17101448
    0.04206694
    0.05484284
    0.06095876
    0.04737411
    0.03988695
    0.21965285
    0.21913385
   -0.17380440
    0.02196119
    0.20431408
   -0.35789618
   -0.07644640
    0.01712951
   -0.03860749
   -0.04400140
   -0.03431488
   -0.03286422
   -0.02728130
    0.23005705
    0.09309073
    0.06348477
    0.07426493
    0.03550742
    0.05574451
    0.02620270
    0.03886573
    0.02882017
   -0.39433127
    0.03043122
    0.26167187
   -0.48973857
   -0.07611160
   -0.01338182
   -0.12146773
   -0.12580617
    0.17698577
    0.04486223
    0.04260301
    0.03252817
    0.04316148
    0.05513657
    0.03927196
    0.03595382
    0.05551428
    0.03852444
    0.04247272
   -0.18512778
    0.02630025
    0.20934968
   -0.34724689
    0.12774821
   -0.49574599
   -0.14966039
    0.21622150
    0.08594837
    0.03639115
    0.31513951
    0.06615242
    0.07792686
    0.08000800
   -0.40855578
    0.01799616
    0.26323696
   -0.46934595
   -0.07443063
    0.01627504
   -0.04202183
   -0.04451924
   -0.03750432
   -0.03774714
   -0.03317461
    0.17091061
    0.06946696
    0.02559408
    0.05138778
    0.04675419
    0.03442724
    0.04412645
    0.03588519
    0.02973715
   -0.17979846
    0.26108570
   -0.54056822
    0.21966880
    0.08888614
    0.02097480
   -0.08570494
   -0.01359984
   -0.04255157
   -0.06880869
   -0.06230200
   -0.12146156
    0.15984632
   -0.43551522
    0.06329126
    0.04382038
    0.00079193
    0.08223000
   -0.02070364
    0.05113528
    0.39409498
   -0.07603315
    0.01148321
    0.28431052
   -0.50668754
   -0.08164859
   -0.07332668
   -0.02916443
    0.07038894
    0.07523431
    0.09936334
    0.04911580
    0.10417182
    0.09536797
    0.09136062
   -0.18454240
    0.03174690
    0.27349916
   -0.45112637
   -0.04759039
   -0.03399502
    0.22756935
    0.04470991
    0.11520255
    0.06528814
   -0.18807270
    0.03682384
    0.26100567
   -0.49225241
   -0.02019668
   -0.16551489
    0.21113453
    0.07199056
    0.04785919
    0.07483977
   -0.08668645
    0.02238769
    0.19135088
   -0.35422660
   -0.07820841
   -0.07936265
   -0.02404328
    0.08990565
    0.08712453
    0.08828020
    0.07136769
    0.09367016
    0.06957746
    0.08202694
   -0.38233986
    0.02945251
    0.19637217
   -0.39312287
   -0.06882153
   -0.01023863
   -0.10945409
   -0.12922877
    0.16032066
    0.08949673
    0.03489618
    0.03698422
    0.04366599
    0.04175324
    0.02044685
    0.03758594
    0.04348187
    0.04790432
    0.04925731
   -0.37096920
    0.03707758
    0.19057090
   -0.35196703
   -0.07119824
   -0.00969125
   -0.10026898
   -0.10862560
    0.17318721
    0.05151692
    0.05990959
    0.02320246
    0.04817591
    0.03250660
    0.00563407
    0.04484490
    0.03077570
    0.05336577
    0.01398908
   -0.37830328
   -0.03666317
    0.26238903
   -0.52054484
    0.18226020
    0.08661314
    0.08498947
   -0.17495504
    0.01689757
    0.27007616
   -0.49324977
   -0.07765088
   -0.01664012
   -0.12200705
   -0.10308716
    0.22379092
    0.07553577
    0.07443499
    0.03561599
    0.05282235
    0.05692280
    0.03496122
    0.06243112
    0.04672495
    0.02327485
    0.01469809
   -0.19803039
    0.02971790
    0.27989594
   -0.47476595
    0.13557403
   -0.49451006
   -0.13821399
    0.22702484
    0.07139965
    0.02281015
    0.31758750
    0.05562547
    0.06862775
    0.07183153
   -0.17799564
    0.04419526
    0.27331780
   -0.48251449
    0.01589411
   -0.37379831
    0.19966871
    0.07253772
    0.05166962
    0.04514577
    0.28836772
   -0.18245747
    0.02029748
    0.24646767
   -0.45923703
   -0.02519936
   -0.04928386
   -0.13589911
   -0.12753599
    0.22221288
    0.06314271
    0.06260089
    0.02622653
    0.01731575
    0.05514393
    0.05086274
    0.06644427
    0.05698984
    0.05242233
    0.03145708
   -0.11198152
   -0.00050691
    0.28035751
   -0.48299768
   -0.08806454
   -0.09209151
   -0.03263492
    0.06766866
    0.08047888
    0.07938906
    0.08933607
    0.10551326
    0.08645448
    0.09954012
   -0.17927108
   -0.02627448
    0.27425504
   -0.50473633
    0.21951987
    0.09824827
    0.07692883
   -0.15813259
    0.02190582
    0.19708363
   -0.34572736
   -0.12200149
    0.27736718
   -0.49236843
   -0.26578374
    0.23148969
    0.11872766
    0.12007705
    0.07554123
    0.21215175
    0.24836923
   -0.37389207
   -0.02285393
    0.26783999
   -0.47256467
    0.18119941
    0.07832391
    0.02784443
   -0.18711097
   -0.00034330
    0.26788919
   -0.46887824
    0.09618353
   -0.45268911
   -0.14849079
    0.21302942
    0.08894465
    0.06413366
    0.34178329
    0.06800375
    0.03859484
    0.07462777
   -0.18602518
    0.03312829
    0.26306122
   -0.49921464
    0.00669970
   -0.38935701
    0.22724140
    0.05998709
    0.06705740
    0.04545343
    0.28226753
   -0.15971385
    0.02905886
    0.26808963
   -0.51003817
   -0.07513922
   -0.00794321
   -0.05085321
   -0.04436725
   -0.05864391
   -0.07913993
    0.14817565
   -0.39316907
    0.23138067
    0.08148980
    0.07175341
    0.05771880
    0.03720089
    0.05726141
    0.05726167
    0.04156271
    0.31260931
   -0.17539670
    0.03067436
    0.27851557
   -0.46175862
   -0.07149035
   -0.00203421
   -0.04662599
   -0.04729346
   -0.06057401
   -0.08608812
    0.13803501
   -0.41987342
    0.22830657
    0.06010169
    0.05481382
    0.06444078
    0.03538933
    0.04679287
    0.05374617
    0.07577220
    0.33725783
   -0.19354008
    0.02553556
    0.35627910
   -0.48289224
   -0.07639637
   -0.00073922
   -0.11030680
   -0.11292944
   -0.35570018
    0.22626652
    0.08426619
    0.05375690
    0.05846160
    0.02732311
    0.04885186
    0.03605741
    0.03238261
    0.04803267
    0.04393726
    0.03425358
    0.39438263
   -0.39632260
    0.02128256
    0.25513543
   -0.48805935
   -0.03326870
   -0.06453026
   -0.13202893
   -0.13300783
    0.16429011
    0.04825790
    0.03889387
    0.04802004
    0.02667842
    0.03683138
    0.04264207
    0.06117540
    0.05939516
    0.03991408
    0.04225196
   -0.10572103
    0.00596683
    0.20637642
   -0.36211594
   -0.08035893
   -0.08553406
   -0.02406042
    0.09128949
    0.08283419
    0.08190754
    0.07766452
    0.08762196
    0.06859532
    0.08534474
   -0.30391278
    0.02071188
    0.18569235
   -0.38654117
   -0.06425491
   -0.07110782
   -0.01460451
    0.08208394
    0.05242569
    0.06273890
    0.04438789
    0.04292034
    0.04411460
    0.04633362
   -0.39058627
    0.03769332
    0.26313122
   -0.50525369
   -0.11249624
    0.28900932
   -0.51072812
   -0.28494137
    0.16679918
    0.07084209
    0.07898749
    0.07654310
    0.22094286
    0.22371759
   -0.10769147
    0.01054919
    0.20049637
   -0.36778152
   -0.07441381
   -0.08391927
   -0.01698046
    0.11562603
    0.08803836
    0.08586510
    0.06469725
    0.08908688
    0.06314087
    0.08071191
   -0.38520135
   -0.02171133
    0.26553270
   -0.48234002
    0.18478581
    0.07714310
    0.05773307
   -0.18401196
    0.00543883
    0.26854789
   -0.44654708
    0.09940115
   -0.45863241
   -0.13434234
    0.23026534
    0.07064972
    0.06667753
    0.33705817
    0.03773825
    0.03124511
    0.06272510
   -0.18385031
    0.03022987
    0.26493439
   -0.51795372
    0.00797624
   -0.32349952
    0.21179220
    0.08398375
    0.04380657
    0.05026704
    0.21219288
   -0.14291414
    0.02180811
    0.26393192
   -0.49285933
   -0.08090358
   -0.00538416
   -0.05293650
   -0.04218577
   -0.06329215
   -0.07793306
    0.14593110
   -0.39177034
    0.23681324
    0.07686507
    0.07156689
    0.08243603
    0.06564816
    0.04099372
    0.07475531
    0.02658151
    0.30534617
   -0.17116964
    0.02563917
    0.20333607
   -0.32670028
   -0.07146749
   -0.00464573
   -0.04703666
   -0.04356008
   -0.06583016
   -0.07594474
    0.13785553
   -0.44304779
    0.22386585
    0.08190457
    0.04906567
    0.07425018
    0.04514142
    0.03369350
    0.07129891
    0.06184857
    0.35866394
   -0.38992877
    0.01992676
    0.27642564
   -0.45025965
    0.11194542
   -0.46981528
   -0.12737537
    0.18262335
    0.03369861
    0.04836049
    0.32542035
    0.02218967
    0.02396530
    0.06971897
   -0.19303133
    0.03944055
    0.17431260
   -0.41151446
   -0.00041869
   -0.16015272
    0.20097701
    0.08770395
    0.03719585
    0.04652150
    0.09883848
    0.17356227
    0.17630527
    0.07716033
    0.17821467
    0.08452187
    0.19213966
    0.07742671
    0.18302879
    0.08924850
    0.19470377
    0.09126123
    0.11300205
    0.17711447
    0.06174298
    0.18182127
    0.10123941
    0.19220659
    0.07172015
    0.18293472
    0.08632296
    0.19340038
    0.06359488
    0.18207208
    0.09034847
    0.18628034
    0.08313879
    0.17525621
    0.07691169
    0.17216097
    0.08636837
    0.17062014
