   -0.11867739
   -0.09904296
    0.27207128
   -0.46751805
    0.29892319
    0.30664066
    0.28707794
    0.16219920
    0.13595356
   -0.16547874
    0.02077803
    0.28077964
   -0.46660931
   -0.04007013
   -0.07081998
    0.24201583
    0.09171750
    0.06184784
    0.10007234
   -0.19751802
    0.06535812
    0.27689812
   -0.48904509
   -0.09840483
    0.21528941
    0.04556297
    0.03858862
    0.06907852
    0.03558853
   -0.17433454
    0.04032959
    0.27345377
   -0.49937843
   -0.07289443
    0.00891191
   -0.04548047
   -0.03729805
   -0.03000401
   -0.02934454
   -0.03505036
    0.19828514
    0.07332239
    0.05427106
    0.07175855
    0.05046561
    0.00859384
    0.04444389
    0.03374348
    0.05902721
   -0.20974608
    0.04035889
    0.27783263
   -0.48080861
   -0.04784439
   -0.09009896
    0.36965449
   -0.61302052
   -0.63586797
    0.22240173
    0.03805939
    0.03064452
    0.05906717
    0.02688054
    0.02398321
   -0.19781511
   -0.03374489
    0.26433158
   -0.44622006
    0.22575265
    0.11150808
    0.11102339
   -0.18405088
    0.04157575
    0.27996662
   -0.51280045
   -0.04161037
   -0.07825089
    0.37056538
   -0.64020239
   -0.66895136
    0.19368634
    0.05981997
    0.04561375
    0.02192933
    0.02178925
    0.03979873
   -0.17954378
    0.02631148
    0.29490132
   -0.55310412
    0.08472045
   -0.45305445
    0.22929516
    0.10628379
    0.05054287
    0.03417651
    0.34479701
   -0.16727190
    0.05347207
    0.26947133
   -0.47818452
   -0.01046742
   -0.11200775
    0.24384291
    0.06361608
    0.04874323
    0.04274584
   -0.18705562
    0.03867388
    0.26629710
   -0.51168180
   -0.09893300
    0.28389370
   -0.49376623
   -0.26979456
    0.21569803
    0.07684220
    0.06929234
    0.06602182
    0.23889104
    0.25176928
   -0.16609759
    0.00957738
    0.26945472
   -0.45572489
   -0.01816616
   -0.11514655
   -0.14475496
    0.22227738
    0.08370706
    0.08452819
    0.04537421
    0.00753088
    0.07048277
    0.04319363
    0.07318129
    0.07225436
   -0.16636393
    0.00628699
    0.27584336
   -0.47741819
   -0.07798476
   -0.09680865
    0.28568807
   -0.48403491
   -0.28209815
    0.21027788
    0.10066105
    0.08518093
    0.07216826
    0.07084063
    0.04996986
    0.22077738
    0.22095489
   -0.18488203
    0.00609886
    0.26158938
   -0.46061408
   -0.07902383
    0.01218008
   -0.04214684
   -0.04469421
   -0.03624908
   -0.03117661
   -0.02650331
    0.21544627
    0.09915898
    0.03916338
    0.07272306
    0.03742963
    0.03714575
    0.04299308
    0.04870372
    0.05234226
   -0.18740214
    0.26701653
   -0.54354606
    0.21831264
    0.08405036
    0.02696552
   -0.08181558
   -0.01599366
   -0.04088084
   -0.07154119
   -0.06129096
   -0.12255562
    0.16171675
   -0.42456687
    0.05913447
    0.03956727
   -0.00501764
    0.07579626
   -0.00891763
    0.05302769
    0.39534366
   -0.07753121
    0.02501603
    0.28662914
   -0.51458309
   -0.08440005
   -0.07495143
   -0.02471953
    0.05715753
    0.07397216
    0.10463226
    0.04866051
    0.10195513
    0.09117030
    0.07813969
   -0.20293663
    0.05021398
    0.26922297
   -0.45860190
   -0.03307442
   -0.08027657
    0.22965094
    0.03694300
    0.08539931
    0.06192814
   -0.19118858
    0.04448016
    0.25733182
   -0.47188187
   -0.02859802
   -0.12381093
    0.21857137
    0.05502688
    0.06255651
    0.07458279
   -0.08280987
    0.01143664
    0.27172662
   -0.48740604
   -0.07366829
   -0.06911724
   -0.01831579
    0.09540396
    0.06645722
    0.07302711
    0.06195718
    0.06141081
    0.06220889
    0.07096004
   -0.17855413
   -0.04890379
    0.28375487
   -0.46148270
    0.23694252
    0.11000590
    0.10293139
   -0.20431360
    0.01937470
    0.18181816
   -0.34930195
   -0.06546141
   -0.00863354
   -0.11056259
   -0.13175607
    0.21165057
    0.12211645
    0.02701484
    0.07421913
    0.03614048
    0.05424607
    0.01366247
    0.03708921
    0.06315063
    0.04565545
    0.04856150
   -0.39408462
    0.02784183
    0.26040256
   -0.48725370
   -0.06874962
   -0.00725329
   -0.10144603
   -0.10389821
    0.18059289
    0.05753396
    0.04184038
    0.00460045
    0.04085788
    0.04061942
    0.00370810
    0.03473000
    0.04133849
    0.05136575
    0.01404631
   -0.19462756
    0.02159344
    0.27651169
   -0.47569586
    0.11602232
   -0.49157474
   -0.14973404
    0.23154428
    0.07185588
    0.04633637
    0.33046983
    0.06556213
    0.07716535
    0.08721679
   -0.17576128
    0.03722330
    0.26782985
   -0.47143035
   -0.02091811
   -0.09234648
    0.21103746
    0.06381230
    0.05817345
    0.08573753
   -0.18156867
    0.01219159
    0.24578524
   -0.47050148
   -0.02797904
   -0.05750721
   -0.13783780
   -0.13027845
    0.21654276
    0.06758905
    0.07030983
    0.02569409
    0.01007728
    0.06038579
    0.08390073
    0.05343382
    0.07717806
    0.05836666
    0.03903833
   -0.10820481
    0.00217731
    0.28071863
   -0.47960669
   -0.08746109
   -0.09144678
   -0.02734777
    0.08410957
    0.06697292
    0.10611629
    0.06917949
    0.10933719
    0.06160124
    0.12025178
   -0.19329370
   -0.01216331
    0.27599967
   -0.50198447
    0.21523539
    0.05734028
    0.08236150
   -0.17050154
    0.02634265
    0.26108563
   -0.45555457
   -0.11518801
    0.28199363
   -0.49296970
   -0.27726848
    0.22721139
    0.09874768
    0.11481037
    0.08670922
    0.23952747
    0.24708524
   -0.13378570
    0.01357134
    0.25919538
   -0.53617331
   -0.07499262
   -0.07799463
   -0.01398542
    0.08364219
    0.05509350
    0.09470850
    0.05103866
    0.07947622
    0.06595310
    0.10271454
   -0.17454873
    0.04370629
    0.25190230
   -0.49310727
   -0.09179597
    0.37177870
   -0.61990556
   -0.63812924
    0.22241627
    0.06230492
    0.05228997
    0.05864402
   -0.16557791
   -0.03303743
    0.26199739
   -0.47928904
    0.22260675
    0.12054428
    0.07184463
   -0.17417583
    0.00159649
    0.26619818
   -0.44142648
    0.09484338
   -0.44117422
   -0.14035924
    0.24174992
    0.06313650
    0.09268060
    0.32947239
    0.03157066
    0.03706970
    0.09580867
   -0.19355227
    0.03519306
    0.26120966
   -0.50574923
   -0.01085307
   -0.14473595
    0.20955150
    0.06487698
    0.06389863
    0.04574971
   -0.14903659
    0.02056147
    0.26375662
   -0.50928685
   -0.07557365
   -0.01189185
   -0.05155076
   -0.04488963
   -0.06551391
   -0.08189929
    0.14823116
   -0.42358490
    0.23783738
    0.08966473
    0.07463532
    0.06335260
    0.04068939
    0.05748132
    0.06461033
    0.06456552
    0.36182167
   -0.16609289
    0.02908220
    0.20329761
   -0.31381172
   -0.06883478
   -0.00568137
   -0.04876401
   -0.04372259
   -0.06694237
   -0.07263569
    0.13708395
   -0.44068209
    0.23544169
    0.05951941
    0.04671868
    0.08143093
    0.06451575
    0.03265293
    0.07966821
    0.04564313
    0.34980935
    0.04161732
   -0.45808867
    0.02824115
    0.05645169
    0.02498060
    0.31124614
    0.03097989
   -0.47098840
    0.05460617
    0.03680950
    0.03946729
    0.31176517
    0.03546693
   -0.47089032
    0.04434101
    0.03999728
    0.04302202
    0.30545351
    0.00911902
   -0.45531996
    0.06519595
    0.05014346
    0.05609413
    0.34126064
    0.05854251
   -0.45948530
    0.08586853
    0.07577399
   -0.04735757
    0.30285665
    0.03253795
   -0.45107300
    0.03949414
    0.03433880
    0.03242540
    0.30906385
    0.03323423
   -0.50620833
    0.04010568
    0.03185377
    0.05921801
    0.33381121
    0.02359784
   -0.48894936
    0.03528303
    0.04795818
    0.05446656
    0.32974697
   -0.13352703
   -0.49034019
    0.23238632
    0.16570005
   -0.09295891
    0.33918129
   -0.61094663
    0.33551259
    0.30271003
   -0.61262045
    0.31157082
    0.29659502
   -0.63153301
    0.31707316
    0.32255603
   -0.63763823
    0.29184828
    0.30621800
   -0.65159360
    0.29969266
    0.32696893
   -0.63581781
    0.33463248
    0.31424323
   -0.63892977
    0.31619877
    0.32183054
   -0.63026237
    0.30894901
    0.32517970
   -0.60668268
    0.31241734
    0.28596984
    0.00733077
   -0.45527722
    0.04795476
    0.04144638
    0.08842261
    0.30233305
    0.02273092
   -0.47286987
    0.04352166
    0.04729135
    0.06452016
    0.33124560
    0.01557924
   -0.47400730
    0.04767074
    0.06204927
    0.08524393
    0.29651114
    0.00943316
   -0.46802415
    0.04205687
    0.01536084
    0.07759125
    0.32558244
    0.01986005
   -0.48354738
    0.04480983
    0.02911773
    0.06347364
    0.32838290
    0.01678364
   -0.48421733
    0.06534805
    0.00826257
    0.07903759
    0.31702530
    0.04653068
   -0.48996581
    0.02951135
    0.05158723
    0.02035517
    0.34241231
    0.03167834
   -0.45344384
    0.04519635
    0.06575617
    0.00333985
    0.31442430
    0.03880024
   -0.44593859
    0.02172021
    0.06813030
    0.01765526
    0.30535547
    0.02312007
   -0.48740365
    0.05882186
    0.04388390
    0.04292497
    0.32126351
    0.02957967
   -0.49684648
    0.05101816
    0.05136715
    0.03571686
    0.33135756
    0.02384043
   -0.48405187
    0.04215068
    0.04422389
    0.03372793
    0.34457034
    0.02701248
   -0.47466348
    0.05536487
    0.04360267
    0.03550086
    0.31293193
    0.03039313
   -0.45486498
    0.05561767
    0.02408901
    0.03561157
    0.30218806
    0.01552637
   -0.45216665
    0.05587058
    0.05848451
    0.04217316
    0.34940068
    0.03315636
   -0.48813928
    0.02618062
    0.02304907
    0.03874943
    0.32841858
    0.06608790
   -0.44580614
    0.07839868
    0.06380233
   -0.05573545
    0.30797735
    0.03681687
   -0.47648517
    0.04083062
    0.04508326
    0.02924207
    0.32380210
    0.03883549
   -0.45160650
    0.03525785
    0.05451747
    0.02662709
    0.29219680
    0.03212060
   -0.45484179
    0.04331710
    0.05785149
    0.02429553
    0.29558632
    0.05035645
   -0.48583338
    0.04003478
    0.02938926
    0.02659077
    0.32821447
    0.01307208
   -0.49253404
    0.06426311
    0.03768630
    0.06715169
    0.31294504
   -0.11829299
   -0.56390957
    0.22786439
    0.18314874
   -0.10971070
    0.43090607
   -0.10508328
   -0.51857722
    0.23343953
    0.19369577
   -0.08122869
    0.40305378
   -0.11595266
   -0.52597159
    0.22955840
    0.17354246
   -0.14895727
    0.38578172
   -0.60009243
    0.32624882
    0.30578690
   -0.63194609
    0.31998762
    0.30847972
   -0.61277201
    0.30026729
    0.30781645
   -0.61645965
    0.30999445
    0.30933056
   -0.62747718
    0.30632766
    0.32583329
   -0.62927430
    0.29684971
    0.30874683
   -0.65685809
    0.32228275
    0.31626780
   -0.63995570
    0.29087138
    0.32468546
   -0.61510713
    0.33347377
    0.31046279
   -0.63662245
    0.33050627
    0.31871221
   -0.65540633
    0.31628244
    0.33911085
   -0.63263199
    0.30739610
    0.32352550
   -0.61591915
    0.31863682
    0.29462001
   -0.62990940
    0.31853340
    0.30969677
   -0.65456383
    0.30105173
    0.33886357
   -0.62662516
    0.30185248
    0.32572290
   -0.64247003
    0.33402939
    0.30622883
   -0.61847875
    0.29999222
    0.31152296
   -0.12362624
   -0.10102199
    0.27002094
   -0.46540893
    0.31466690
    0.30629075
    0.26627614
    0.14037812
    0.14539510
   -0.14616496
    0.01128540
    0.19320715
   -0.32832510
   -0.00644133
   -0.37512867
    0.24322419
    0.12795588
    0.09238829
    0.08912212
    0.22314503
   -0.12385263
   -0.10138686
    0.26741756
   -0.45487080
    0.30719616
    0.31613482
    0.26711650
    0.14654439
    0.15230512
   -0.14701539
    0.00369772
    0.19755610
   -0.34555801
   -0.03761508
   -0.11000510
    0.23278902
    0.14770828
    0.08572290
    0.09468792
   -0.12608504
   -0.09263094
    0.27164398
   -0.46031037
    0.30020547
    0.29713321
    0.31801003
    0.15270318
    0.12797339
   -0.15544274
    0.01602052
    0.27315690
   -0.46504084
   -0.00347998
   -0.39824556
    0.23613150
    0.08783288
    0.07126677
    0.10202560
    0.25486603
   -0.17771261
    0.04261930
    0.27140015
   -0.47614713
   -0.12274112
    0.21144750
    0.05148199
    0.07427481
    0.06485359
    0.04703565
   -0.16935536
    0.02753772
    0.19262601
   -0.35177566
   -0.07791311
    0.01009026
   -0.04241117
   -0.03888245
   -0.03291866
   -0.03064654
   -0.03700472
    0.19570774
    0.11362426
    0.05978794
    0.07862389
    0.05087253
    0.01197014
    0.05484980
    0.02361453
    0.05001191
   -0.38384056
    0.03963556
    0.20171509
   -0.36074926
   -0.05521132
   -0.09102894
    0.36389602
   -0.63721340
   -0.67227828
    0.17798365
    0.04375820
    0.04224143
    0.04349394
    0.02115656
    0.04197887
   -0.40418358
    0.04250580
    0.26874667
   -0.47444056
   -0.03910826
   -0.08403007
    0.37446681
   -0.63010601
   -0.65826577
    0.17954128
    0.01014645
    0.02913967
    0.04450243
    0.00629013
    0.01528798
   -0.21165074
   -0.02646360
    0.26650169
   -0.46989343
    0.21706107
    0.08279077
    0.09672988
   -0.16546651
    0.01988852
    0.27443537
   -0.50238981
   -0.05809319
   -0.09416551
    0.36681692
   -0.61362704
   -0.70145949
    0.18546272
    0.07077724
    0.06050364
    0.03761337
    0.04463403
    0.03730091
   -0.16926021
    0.01262355
    0.28481532
   -0.53085486
    0.07701499
   -0.47361220
    0.22935809
    0.09985995
    0.05120443
    0.05381463
    0.35988934
   -0.14426245
    0.02687489
    0.18729302
   -0.36027899
   -0.03807161
   -0.09649711
    0.23130136
    0.11800365
    0.09074212
    0.10339758
   -0.40935877
    0.03352967
    0.26620031
   -0.47164118
   -0.04563777
   -0.09148107
    0.37915572
   -0.64695598
   -0.65770239
    0.17376849
    0.03048395
    0.03577664
    0.04644717
    0.01555574
    0.02569035
   -0.19474896
   -0.03379023
    0.26341861
   -0.46424107
    0.20894687
    0.09939129
    0.09480849
   -0.16814398
    0.02382321
    0.27224611
   -0.47998042
   -0.05728455
   -0.09036573
    0.36866810
   -0.61873199
   -0.71148723
    0.19699416
    0.05826035
    0.05379413
    0.04306398
    0.03854653
    0.04383639
   -0.16789646
    0.02322198
    0.20774036
   -0.39616682
    0.07870674
   -0.43025069
    0.21816833
    0.11901074
    0.04509241
    0.04140484
    0.34057255
   -0.41605790
    0.03464876
    0.26758659
   -0.46950613
   -0.04448337
   -0.08928775
    0.37160335
   -0.65058002
   -0.64037141
    0.18083673
    0.02383280
    0.02200143
    0.04552456
    0.01603214
    0.01485057
   -0.18768310
   -0.02542462
    0.19620176
   -0.34638518
    0.20958428
    0.11189928
    0.11022372
   -0.38194554
    0.02576355
    0.27149580
   -0.48463809
   -0.03454867
   -0.04051894
    0.19628902
    0.07147863
    0.02613206
    0.09836200
   -0.18107148
    0.03501748
    0.26827522
   -0.50043458
   -0.10691230
    0.28399979
   -0.50168051
   -0.27493399
    0.20587886
    0.06877502
    0.07672974
    0.09481487
    0.24279619
    0.24076453
   -0.17671271
    0.01821976
    0.27323453
   -0.47184346
   -0.01363111
   -0.09900667
   -0.13710327
    0.21099987
    0.07622952
    0.06415159
    0.03249016
    0.01180690
    0.04761221
    0.05106437
    0.04945299
    0.07245332
   -0.15740854
    0.01985643
    0.20642040
   -0.34214721
   -0.07618378
   -0.10740077
    0.28798841
   -0.49903021
   -0.28547421
    0.21856052
    0.09479160
    0.08335886
    0.08356777
    0.09725213
    0.06534423
    0.23519515
    0.22274851
   -0.28613380
    0.02928968
    0.27121539
   -0.47539161
   -0.06323851
   -0.05630834
    0.01130590
    0.00763538
    0.03030690
    0.05439670
    0.03316814
    0.05260291
    0.05884086
    0.02223712
   -0.19728175
    0.03350717
    0.18580811
   -0.37095770
   -0.02072951
   -0.17770577
    0.20002265
    0.09578365
    0.04399131
    0.07942064
   -0.38776802
   -0.03395620
    0.26087500
   -0.49726475
    0.16749641
    0.07537160
    0.10311523
   -0.17365773
    0.01394088
    0.26575429
   -0.51218145
   -0.07581643
   -0.01936245
   -0.12883868
   -0.13001523
    0.20518599
    0.09722214
    0.04071598
    0.04307851
    0.04874341
    0.07314864
    0.04684163
    0.03261193
    0.07393903
    0.04226241
    0.04129509
   -0.19694201
    0.03265535
    0.27649408
   -0.44550208
    0.13292584
   -0.51002690
   -0.14501471
    0.24459851
    0.04859145
    0.01638042
    0.31976182
    0.07211654
    0.08079256
    0.08210249
   -0.18540935
    0.04976218
    0.27290951
   -0.51296603
    0.01197908
   -0.18943308
    0.18228964
    0.08159549
    0.04361323
    0.02339340
   -0.18483984
    0.02096394
    0.24302317
   -0.44391761
   -0.03035823
   -0.05069402
   -0.13958535
   -0.13258323
    0.23658849
    0.04705551
    0.08306916
    0.00847184
    0.00962512
    0.06608954
    0.07997181
    0.05575477
    0.07044029
    0.07293405
    0.03044074
   -0.11015787
    0.00708343
    0.28647016
   -0.50911008
   -0.08310782
   -0.08675601
   -0.02997203
    0.07405524
    0.05579706
    0.09860792
    0.07197440
    0.10974500
    0.07866686
    0.12713390
   -0.19314472
    0.00539133
    0.27862493
   -0.51757117
    0.23265988
    0.06039431
    0.05932474
   -0.17223217
    0.03294723
    0.25867022
   -0.45423714
   -0.11296406
    0.27882144
   -0.47117992
   -0.26699155
    0.23820812
    0.08167394
    0.10711042
    0.06023967
    0.20483698
    0.26374895
   -0.13289256
    0.01725212
    0.25906717
   -0.53830382
   -0.07249640
   -0.08609491
   -0.01451672
    0.06109748
    0.05787454
    0.08180542
    0.06542521
    0.09864773
    0.07924262
    0.10329384
   -0.17201222
    0.03863103
    0.25204144
   -0.51135594
   -0.09287176
    0.37372721
   -0.61240145
   -0.66192625
    0.22166002
    0.07285759
    0.05688880
    0.06270754
   -0.16125653
   -0.02861663
    0.26152166
   -0.45704750
    0.23532191
    0.11009762
    0.05035305
   -0.16747171
   -0.01437046
    0.26258802
   -0.46226039
    0.09876406
   -0.45469948
   -0.15954084
    0.22457457
    0.09286540
    0.07468414
    0.33890913
    0.06247491
    0.05410756
    0.09802140
   -0.17231561
    0.01035731
    0.26326550
   -0.47125967
   -0.05543776
   -0.04308177
    0.23234067
    0.05950727
    0.13165748
    0.08151024
   -0.14995046
    0.02038744
    0.19032823
   -0.39850068
   -0.07660965
   -0.01060885
   -0.05407527
   -0.04245365
   -0.06637211
   -0.07658016
    0.14850277
   -0.41408625
    0.22127393
    0.11514147
    0.08741556
    0.05568011
    0.03137604
    0.06444934
    0.05427090
    0.05957400
    0.34627986
   -0.40120586
    0.03166160
    0.35878284
   -0.50056417
   -0.06937609
   -0.00347456
   -0.10653497
   -0.11580421
   -0.35821440
    0.18464331
    0.06941459
    0.02610443
    0.03256406
    0.03301813
    0.03484244
    0.02314467
    0.03878524
    0.05719053
    0.04141201
    0.04289154
    0.39929791
   -0.39994735
    0.01356010
    0.26828714
   -0.48831387
   -0.01678578
   -0.12210660
   -0.12912769
    0.17382199
    0.05802785
    0.04601050
    0.04775725
    0.04219247
    0.04431271
    0.05639832
    0.04819352
    0.04446513
   -0.17150634
    0.00400740
    0.27552574
   -0.49234325
   -0.07625850
   -0.09978030
    0.28930417
   -0.49962399
   -0.28681367
    0.22541908
    0.08068486
    0.08510415
    0.07279387
    0.08192493
    0.05527169
    0.22159050
    0.20949690
   -0.17278265
    0.00956781
    0.19247338
   -0.34283154
   -0.08755497
    0.01243655
   -0.04000024
   -0.05226730
   -0.03328635
   -0.03710969
   -0.02844848
    0.22473785
    0.09942147
    0.08028889
    0.08528629
    0.03227421
    0.06279106
    0.02862826
    0.05121908
    0.03518985
   -0.27959476
    0.01833796
    0.19283854
   -0.36794909
   -0.06605896
   -0.06893750
   -0.00481667
    0.05930547
    0.04862424
    0.07000719
    0.03826627
    0.04512876
    0.07232760
    0.01458649
   -0.38703332
    0.04135614
    0.25761850
   -0.46772052
   -0.02838405
   -0.10089650
    0.18175104
    0.02981256
    0.07067046
    0.04358468
   -0.10149754
    0.02361229
    0.19414420
   -0.34692598
   -0.06799232
   -0.06898717
   -0.01674832
    0.09642118
    0.05493033
    0.06980474
    0.05765919
    0.04850409
    0.07548897
    0.07183292
   -0.38059576
    0.19336951
   -0.38806856
    0.16442842
    0.08531941
    0.03515964
   -0.09896759
   -0.01780056
   -0.05075567
   -0.07288327
   -0.06581709
   -0.12104229
    0.15899241
   -0.43459296
    0.05984774
    0.05656356
    0.01658837
    0.06908174
   -0.00070988
    0.03879873
    0.38936924
   -0.39122536
    0.04611229
    0.25140181
   -0.45928430
    0.01396575
   -0.37707116
    0.17676250
    0.03096730
    0.04621905
    0.03052387
    0.24314131
   -0.09705586
    0.01157549
    0.27202368
   -0.48981934
   -0.07087746
   -0.06391383
   -0.01106526
    0.09836007
    0.04888465
    0.07258706
    0.04836438
    0.05442453
    0.06252960
    0.07159931
   -0.18223074
   -0.04349206
    0.27828177
   -0.47787042
    0.24078753
    0.10017024
    0.09268165
   -0.20817764
    0.01520589
    0.26360973
   -0.46094411
   -0.07047806
   -0.00599992
   -0.11907996
   -0.12395869
    0.22781289
    0.07769887
    0.04872886
    0.07195700
    0.03348941
    0.06197103
    0.03978371
    0.03935302
    0.04901518
    0.04002438
    0.02462265
   -0.21369538
   -0.04410255
    0.26861553
   -0.48742940
    0.22526984
    0.10548554
    0.09445452
   -0.17024256
    0.02330712
    0.19008382
   -0.35595184
   -0.08784387
   -0.00982525
   -0.12517719
   -0.12061897
    0.22090293
    0.08829260
    0.07737500
    0.07582085
    0.02557918
    0.04911706
    0.05177490
    0.04404632
    0.04146495
    0.03201178
    0.05654209
   -0.39015710
    0.02842380
    0.26749665
   -0.49611165
   -0.07324528
   -0.01475204
   -0.11445221
   -0.10021712
    0.18693373
    0.04304595
    0.05886298
    0.01074669
    0.05589390
    0.04740605
    0.01893273
    0.05601828
    0.04092205
    0.03243410
    0.00478340
   -0.19879673
    0.02087679
    0.28025903
   -0.48171210
    0.12626809
   -0.49525154
   -0.14119806
    0.22294958
    0.07998480
    0.03880350
    0.32910178
    0.05178836
    0.06770813
    0.08050287
   -0.17629607
    0.03749811
    0.26931854
   -0.47828464
   -0.01726954
   -0.12964700
    0.20906336
    0.06951127
    0.06548629
    0.06683703
   -0.18488988
    0.01771714
    0.24639607
   -0.47786946
   -0.02500858
   -0.05549699
   -0.13642987
   -0.13089881
    0.21825090
    0.07010271
    0.05683818
    0.03781022
    0.02039881
    0.04448854
    0.05860057
    0.07339315
    0.06307368
    0.04895673
    0.04467663
   -0.11087647
    0.00100170
    0.27955778
   -0.47400964
   -0.08638991
   -0.08705516
   -0.02300346
    0.08155523
    0.07954935
    0.08652500
    0.08371433
    0.09487016
    0.06551158
    0.09512704
   -0.18680510
   -0.00928900
    0.27633506
   -0.49677448
    0.21669379
    0.06363484
    0.07703188
   -0.17370915
    0.02755719
    0.25798332
   -0.46655037
   -0.11946321
    0.27882094
   -0.48908337
   -0.27177176
    0.22173760
    0.10074174
    0.11945638
    0.08082070
    0.21650244
    0.24378737
   -0.12885535
    0.01401069
    0.26240527
   -0.53057518
   -0.07250257
   -0.07943901
   -0.01150269
    0.07548340
    0.06959894
    0.08515009
    0.05788295
    0.09670848
    0.06502108
    0.09866721
   -0.17768686
    0.03968213
    0.25366636
   -0.50899972
   -0.09040089
    0.37165657
   -0.61806410
   -0.64335481
    0.21764009
    0.07551455
    0.04193975
    0.05879696
   -0.16780527
   -0.02571807
    0.25916608
   -0.45426215
    0.23445863
    0.09981104
    0.06332496
   -0.17454967
   -0.00240551
    0.26659198
   -0.46104487
    0.09872684
   -0.46058223
   -0.13752941
    0.22391435
    0.08785851
    0.06483048
    0.34354774
    0.05152581
    0.03688904
    0.07244621
   -0.18523751
    0.03256580
    0.26464928
   -0.50867382
    0.01311893
   -0.37260995
    0.22754291
    0.07000260
    0.04733276
    0.05511630
    0.25854229
   -0.15222548
    0.02752784
    0.26612038
   -0.50293161
   -0.07517249
   -0.00895804
   -0.05086002
   -0.04439785
   -0.05836234
   -0.07970871
    0.14867853
   -0.38871045
    0.23946465
    0.07903229
    0.06259783
    0.06452401
    0.04730989
    0.04532830
    0.06982159
    0.03906765
    0.31327602
   -0.17096457
    0.02574293
    0.27660287
   -0.44981067
   -0.07169806
   -0.00270350
   -0.04501722
   -0.04588355
   -0.06614637
   -0.08289306
    0.13439010
   -0.43775889
    0.22776589
    0.05597764
    0.05179158
    0.06759066
    0.03680091
    0.03884767
    0.06899589
    0.07501843
    0.36285187
   -0.18170490
    0.01929851
    0.35587472
   -0.47024235
   -0.07712822
   -0.00405182
   -0.10896974
   -0.11574819
   -0.34957804
    0.20952452
    0.09918994
    0.05452185
    0.06198706
    0.02939801
    0.04175629
    0.03979478
    0.03559854
    0.05064990
    0.04873507
    0.03703838
    0.40895606
   -0.39605392
   -0.03026945
    0.26243933
   -0.50986701
    0.17548494
    0.07718885
    0.06732418
   -0.17061633
    0.01427172
    0.26767089
   -0.50314729
   -0.08313461
   -0.01146097
   -0.12333491
   -0.12082092
    0.21322854
    0.08632343
    0.06288145
    0.06208884
    0.02874523
    0.04884026
    0.05243364
    0.04247926
    0.04480371
    0.02421918
    0.05578770
   -0.18439980
    0.01898429
    0.20299277
   -0.35510888
    0.12830108
   -0.48160434
   -0.13749208
    0.23193702
    0.10164440
    0.03273433
    0.33441443
    0.05651094
    0.06074410
    0.07529056
   -0.29808812
    0.02825947
    0.20261816
   -0.39966023
   -0.06641272
   -0.07592000
   -0.00285227
    0.04092058
    0.05163074
    0.05337338
    0.06267684
    0.07095430
    0.06253139
    0.03836269
   -0.39532119
    0.01350220
    0.19956991
   -0.35217470
    0.09820754
   -0.45995928
   -0.13922982
    0.18389029
    0.05995097
    0.06702532
    0.33286587
    0.03924698
    0.03194538
    0.06263893
   -0.39670058
    0.03173343
    0.27551084
   -0.46880660
   -0.07887306
   -0.00444454
   -0.05001420
   -0.04289502
   -0.06673256
   -0.06826329
    0.13012894
   -0.43475407
    0.17962080
    0.02902818
    0.05213895
    0.06303747
    0.06608344
    0.05243836
    0.07025444
    0.01713773
    0.30105915
   -0.19576716
    0.02088544
    0.35579140
   -0.48776287
   -0.07683699
   -0.00721442
   -0.12373899
   -0.12427349
   -0.36854358
    0.21517814
    0.09345020
    0.05227000
    0.05311099
    0.03539604
    0.04806470
    0.04473518
    0.05570570
    0.04282026
    0.04995236
    0.05448333
    0.37429457
   -0.40295693
    0.03520009
    0.26906797
   -0.51190621
   -0.07243599
   -0.00909456
   -0.04971709
   -0.04533901
   -0.05831964
   -0.07788047
    0.14806994
   -0.40516728
    0.18221965
    0.05520736
    0.05844001
    0.04023706
    0.02855947
    0.05744940
    0.04502671
    0.03667943
    0.31253049
   -0.18046322
    0.02311579
    0.27639482
   -0.45658216
   -0.09070368
   -0.00157611
   -0.05259527
   -0.04144245
   -0.06464983
   -0.06764532
    0.13528885
   -0.43418161
    0.23482382
    0.06231596
    0.07774634
    0.08668725
    0.06017285
    0.05082389
    0.05903694
    0.03239881
    0.30887465
   -0.19281110
    0.02346942
    0.35375722
   -0.48773894
   -0.07642333
   -0.00013339
   -0.11112915
   -0.11483265
   -0.35938161
    0.22163772
    0.08956629
    0.05486489
    0.05197610
    0.03565720
    0.04185777
    0.04443482
    0.04293521
    0.04471701
    0.03859303
    0.04250877
    0.38172451
   -0.38724752
    0.03913397
    0.20536569
   -0.34622127
   -0.05998149
   -0.00790147
   -0.04804383
   -0.04390592
   -0.06775720
   -0.07672853
    0.13609419
   -0.44414830
    0.16482005
    0.04643498
    0.03457450
    0.04826405
    0.04898367
    0.02765263
    0.07308857
    0.05063638
    0.35272928
   -0.39785281
    0.02827766
    0.27404965
   -0.44779101
   -0.08143486
   -0.00147846
   -0.04938176
   -0.04539149
   -0.06387434
   -0.07457090
    0.13152542
   -0.43650686
    0.17798461
    0.03148179
    0.06143191
    0.06515495
    0.07187649
    0.04941805
    0.06799338
    0.01976953
    0.30105427
   -0.19161389
    0.01813687
    0.35414399
   -0.48738711
   -0.08125264
   -0.00901464
   -0.12661568
   -0.12624911
   -0.36196746
    0.19987324
    0.10277971
    0.05333084
    0.05269767
    0.04196634
    0.04614798
    0.04621548
    0.05659545
    0.04930448
    0.04329966
    0.05666642
    0.37565766
    0.07876768
    0.17798470
    0.08318268
    0.16787801
    0.08259201
    0.19752755
    0.04847738
    0.18283509
    0.18719782
    0.09881074
    0.09133968
    0.09627077
    0.17660273
    0.06140565
    0.16747825
    0.09584310
    0.18011890
    0.10663688
    0.17710534
    0.08485900
    0.20331201
    0.07898535
    0.16466136
    0.08767292
    0.17617330
    0.09169476
    0.16982192
    0.17609930
    0.09261305
    0.16558737
    0.06460274
    0.17901234
    0.08103268
    0.20357832
    0.07752005
    0.18752963
    0.09057028
    0.18413701
    0.17700696
    0.09568051
    0.18175426
    0.07236329
    0.18713760
