   -0.38971311
    0.04236736
    0.27246216
   -0.49278711
    0.00352876
   -0.40624045
    0.18361996
    0.05805563
    0.04264550
    0.07270016
    0.25495235
   -0.17533652
    0.04013977
    0.19430681
   -0.35782247
   -0.09443609
    0.28939226
   -0.49334065
   -0.27633668
    0.21745445
    0.08183006
    0.06627633
    0.08187897
    0.22932831
    0.23592715
   -0.40485304
    0.03257113
    0.20595089
   -0.37652815
   -0.06655866
    0.01779376
   -0.04180374
   -0.03674096
   -0.03938920
   -0.03014407
   -0.03078768
    0.17269567
    0.07269406
    0.03159709
    0.05447339
    0.04697654
    0.02819368
    0.04808582
    0.02884516
    0.03464419
   -0.30990894
    0.02011270
    0.27453551
   -0.49943369
   -0.06987824
   -0.06445631
    0.00621238
    0.04977771
    0.03716884
    0.05939788
    0.04928052
    0.04659295
    0.03278425
    0.04153750
   -0.18658853
   -0.02311802
    0.27551504
   -0.50511224
    0.22054332
    0.07451659
    0.09675352
   -0.17426391
    0.03051631
    0.26206315
   -0.47424217
   -0.11025098
    0.28717405
   -0.49871728
   -0.27631687
    0.21716947
    0.09879669
    0.10697051
    0.08695763
    0.23935645
    0.22768460
   -0.13199552
    0.01293861
    0.26026258
   -0.51780303
   -0.07118313
   -0.07199415
   -0.00817596
    0.08760272
    0.06864533
    0.08786662
    0.04936772
    0.07402925
    0.05445257
    0.09346123
   -0.17645744
    0.04332919
    0.25459316
   -0.50855778
   -0.08330894
    0.37157157
   -0.61280724
   -0.64852337
    0.20896413
    0.07539484
    0.03112780
    0.05359572
   -0.15973892
   -0.02697418
    0.18867043
   -0.36389225
    0.23358239
    0.12507743
    0.11800405
   -0.12121344
   -0.48930921
    0.22762835
    0.17312606
   -0.09270883
    0.35490797
   -0.64489439
    0.30200103
    0.33916905
    0.03668193
   -0.48268242
    0.05038232
    0.02918781
    0.03291810
    0.32869415
    0.03320274
   -0.46071618
    0.05569089
    0.02470388
    0.04003494
    0.30014226
   -0.59853810
    0.32672315
    0.30375500
   -0.64116876
    0.32231124
    0.31010296
   -0.64356844
    0.30888155
    0.34117101
   -0.62016269
    0.33089032
    0.31738786
   -0.62571987
    0.31995139
    0.30381710
   -0.65268926
    0.30002329
    0.33804361
   -0.40396816
    0.03414459
    0.20093408
   -0.37698501
   -0.07246556
    0.01424505
   -0.03781418
   -0.04816676
   -0.03233288
   -0.03545462
   -0.02545682
    0.17865890
    0.05778715
    0.05329484
    0.04912994
    0.02236785
    0.05121522
    0.02731120
    0.05037587
    0.04006795
   -0.39914388
    0.03418836
    0.20292748
   -0.37423180
   -0.06509685
   -0.09875849
    0.29147647
   -0.50983225
   -0.28198851
    0.17829451
    0.05214954
    0.06680534
    0.05704193
    0.07619094
    0.05159851
    0.22827857
    0.21233153
   -0.39137615
    0.04591945
    0.25417584
   -0.46465260
    0.02037551
   -0.39106536
    0.17080138
    0.03816402
    0.04366022
    0.03733405
    0.24542111
   -0.10424625
    0.00996978
    0.27684942
   -0.49881781
   -0.07687712
   -0.07245471
   -0.01106726
    0.08583927
    0.06424983
    0.07345449
    0.06005013
    0.07733430
    0.06652231
    0.07047204
   -0.17280243
   -0.04551831
    0.27970801
   -0.47236179
    0.22676742
    0.10695626
    0.10687928
   -0.20834171
    0.01796480
    0.26564952
   -0.46710893
   -0.06720307
   -0.00094002
   -0.11474931
   -0.11824027
    0.22314560
    0.08100863
    0.04264159
    0.06661931
    0.02564197
    0.05374447
    0.03194982
    0.04546743
    0.04715786
    0.04163504
    0.02766214
   -0.21218244
   -0.03952387
    0.26963787
   -0.49486231
    0.22785377
    0.10252592
    0.08964210
   -0.17160349
    0.02347654
    0.19761558
   -0.36003795
   -0.08301411
   -0.00596806
   -0.12114464
   -0.11709504
    0.22318404
    0.09900517
    0.07528062
    0.06791629
    0.02589078
    0.04973398
    0.04753593
    0.04494393
    0.04086323
    0.02711609
    0.05373041
   -0.39247935
    0.03273612
    0.26910029
   -0.51289876
   -0.07130703
   -0.01034108
   -0.04530482
   -0.04807753
   -0.05989732
   -0.07958633
    0.14657478
   -0.42392630
    0.16603121
    0.05583119
    0.05290275
    0.03951340
    0.03004919
    0.04404408
    0.04896214
    0.04303980
    0.34563860
   -0.18373216
    0.02544799
    0.27737042
   -0.45611293
   -0.08546858
   -0.00195937
   -0.05045422
   -0.03968762
   -0.06209546
   -0.06385352
    0.13391271
   -0.43370296
    0.23075275
    0.05883530
    0.06908214
    0.08261294
    0.05750713
    0.05702719
    0.05555727
    0.02713549
    0.30846664
   -0.19309127
    0.02561248
    0.35649304
   -0.48826698
   -0.07451343
   -0.00342318
   -0.12024579
   -0.11861374
   -0.36734476
    0.21786749
    0.09039626
    0.05110876
    0.05308746
    0.02989383
    0.04888531
    0.04239168
    0.05203471
    0.04351090
    0.04858098
    0.04845959
    0.37680230
   -0.40473540
    0.03044212
    0.35821241
   -0.50695153
   -0.07744622
   -0.00763395
   -0.12219574
   -0.12170287
   -0.35349741
    0.17521638
    0.06716323
    0.04459482
    0.03767138
    0.03314428
    0.04547575
    0.04565547
    0.04881841
    0.04243363
    0.04095995
    0.04958440
    0.40249099
    0.19659694
    0.07701019
    0.17903972
    0.06549162
    0.18031918
    0.10324768
    0.18835543
    0.18066532
    0.07805547
    0.18591031
    0.08043536
    0.18638696
    0.07821707
    0.18570436
