$grad                                                                           
  cycle =      1    SCF energy =  -568.78437188104   |dE/dxyz| =  0.968022
   18.12172208628164     22.06049185522447     36.10532830397890      n 
   19.54298383683381     19.73073498131798     36.16321964987686      c 
   20.97821540441855     19.50980038106702     38.64962593479546      c 
   21.65335092970549     21.41457960079388     39.84641469023065      o 
   21.17089957323563     19.34377079581991     33.89209776701289      c 
   23.12474120864529     22.14798332093862     33.21914715968710      s 
   19.12624357649080     23.55098022787298     36.36118457508926      h 
   18.14459087943424     18.23441350748897     36.29717914636015      h 
   22.44439752872223     17.77038787456589     34.08994125767990      h 
   20.18613971696365     18.94440285869427     32.15445621378364      h 
   24.98322831086884     21.95322736147052     31.93445723499154      h 
   21.53117006766315     17.18856156838637     39.33782544019371      n 
   23.14705090899031     16.61808160653011     41.51088997569548      c 
   24.59286611805655     14.25554806380002     40.73584410713341      c 
   23.41149084184003     12.38989325391647     39.88304932660939      o 
   21.62685804488273     16.30753019999386     43.93759876227486      c 
   23.15880999213761     15.06916858067560     46.02155530832901      c 
   23.72389139718513     12.84234998797946     45.85109791093442      o 
   23.67042266328678     16.45380078199128     48.00877041787472      n 
   20.77732374667800     15.79231585688319     38.47771651657897      h 
   24.39663037070036     18.20966367659110     41.67576326352346      h 
   20.96242409339358     18.12416630525658     44.51093483193137      h 
   20.06857666257239     15.09964692114699     43.52312566983699      h 
   23.29760706062842     18.26151091620982     48.00725354128029      h 
   24.65123337197067     15.74085859528431     49.38279367068797      h 
   22.25831725535599      7.88851950289776     44.08397545030563      n 
   19.58371685812803      7.04550802390866     44.03020797586805      c 
   18.26048530165488      7.41127306131787     41.50551919370081      c 
   16.54904746114752      5.99248583716541     40.93121092958530      o 
   18.13060064429073      8.53909606773352     46.10151742102448      c 
   19.07123626797569      8.03604543589042     48.77510883498660      c 
   18.71024561958690      5.74090043154916     49.84348643647310      c 
   20.22612267087970      9.97715702314948     50.13622909552085      c 
   19.49625766269700      5.28871742202225     52.30627723969091      c 
   20.98359786076220      9.56129282293801     52.66166241742890      c 
   20.58745660631751      7.20969028638910     53.68034049025463      c 
   22.53287198471076      9.67711574586557     44.12711972222692      h 
   19.53529359028013      5.05364190214825     44.40783122256614      h 
   18.23182957124802     10.54655938201124     45.63852757316140      h 
   16.22975250240345      7.92066123287308     45.84975506430492      h 
   17.71835458821492      4.29886502454773     48.86926344718592      h 
   20.55118543132409     11.72237536019594     49.23883505330521      h 
   19.24624480537958      3.48600764779651     53.15014835388051      h 
   21.82784253956793     11.09734498757562     53.71986876552481      h 
   21.17676053124430      6.89341173825194     55.63831776255843      h 
   31.10112810516461     31.00417393653689     35.65124999192142      n 
   33.68073606658760     30.17288379682075     35.93777390887885      c 
   33.98582005300077     27.39670832718700     36.62017829885585      c 
   35.98768148087089     26.34101910312624     36.28966527775589      o 
   34.64626929830658     31.88864824010012     38.14351464082187      c 
   32.23271960779267     32.41370046135392     39.76800851400909      c 
   30.23924041822961     32.68945819686205     37.75811820390771      c 
   34.80730896184013     30.56165592905485     34.27406360413144      h 
   35.98149162418657     30.95852261811099     39.22994180834603      h 
   35.39821535188417     33.58999041001875     37.39995437729127      h 
   31.84661657400018     30.78118745767723     40.92167864374974      h 
   32.43583700856685     34.07299034070360     40.85827128777228      h 
   28.42018979009038     32.04777135264656     38.39405496732796      h 
   30.03146247875429     34.52438472034872     36.98024719164992      h 
   31.98900536466741     26.16839197096262     37.61702246785889      n 
   32.15127920519488     23.50208271780235     38.19059976348947      c 
   33.85279137108046     22.90483526408524     40.41687047228749      c 
   35.22056234937231     20.96840222442665     40.42308405712672      o 
   30.44060919737935     26.90683628223178     38.03345423176348      h 
   30.36143232798780     22.66799826640321     38.45054976530927      h 
   32.96890101267768     22.66749754779712     36.55682603179132      h 
   33.70697376905425     24.44455474579539     42.41278351737942      n 
   35.42744156655560     24.23491162658804     44.51566312033137      c 
   34.25057873065067     23.83395529335482     47.09285138272949      c 
   35.08812027542529     24.95706810965384     48.95473138981822      o 
   37.29067560877427     26.50509200225271     44.59168393498240      c 
   35.92946096323187     29.02976676076368     44.75724315440161      c 
   33.58378054831759     29.21279413272596     44.99571818392197      o 
   37.43909868878342     31.02042166947990     44.47850746780011      n 
   32.55355922002393     25.80822783333509     42.49955501734901      h 
   36.45874464012305     22.52296947869604     44.23839065514645      h 
   38.52549772168971     26.32268631535679     46.17318747710361      h 
   38.25813796307121     26.35224620252957     42.83329466103665      h 
   39.19732797569571     30.78761233145203     44.44742409547229      h 
   36.80884678623568     32.72092220553846     44.52019692059330      h 
   32.36898013701496     22.10128064875652     47.38673887233931      n 
   31.48749678000147     20.23556458945345     45.53286439065806      c 
   29.18330799229733     21.11233967971337     44.01020009514392      c 
   28.38773604047158     19.70750673186524     42.28230152463468      o 
   30.74886798952774     17.99660554404776     47.16997179886378      c 
   29.77654055467161     19.23245413304419     49.53568774043692      c 
   31.54257958080058     21.41862848471607     50.00521646300523      c 
   32.82308033436660     19.78837077787507     44.11778329212408      h 
   29.31482852683428     16.93528685926527     46.27839780586944      h 
   32.36986094659473     16.85164137211792     47.57725498824345      h 
   27.89795656109637     19.84093569988249     49.27085650619228      h 
   29.68409797446701     17.94014971807368     51.08216446054390      h 
   30.59258492551249     22.96777655846360     50.84185996125382      h 
   33.27029092312092     20.96162514579708     50.95054997620269      h 
   27.99274109643336     23.21211330925293     44.75537938327131      n 
   25.72882626022139     24.06115202493773     43.50529905593449      c 
   26.34181346152327     25.80544638615046     41.31928500820311      c 
   28.32983334355675     27.11465876859486     41.26244880118242      o 
   24.09044798032327     25.52881058381080     45.32282375739275      c 
   23.12779247297966     24.14543449523889     47.52256290018963      c 
   23.42652800292288     21.87647222558279     47.76976480735397      o 
   22.00824057424539     25.52136712658439     49.16986054975228      o 
   28.58720299092217     23.98595954142096     46.18044506731072      h 
   24.76847660914228     22.39009856073559     42.91677999088623      h 
   25.17881467639029     27.17818580979841     45.96703949202202      h 
   22.61461417578677     26.22905887395842     44.12228834455208      h 
   24.64888437666426     25.83768615586392     39.47098502891073      n 
   24.94104875651686     27.46344079014280     37.28792240940210      c 
   22.47093997784410     27.73120547526929     35.93300190960587      c 
   20.46126967228335     26.95517079588794     36.82493158284996      o 
   23.15066665638656     24.77160246700699     39.49029410182894      h 
   25.40344756254266     29.35770167863978     37.75207980686850      h 
   26.30229128628845     26.64790129322639     36.02761238417539      h 
   20.21745895978221     25.25693410918678     55.55169666039694      c 
   21.33900721848856     23.48611031963090     53.62778541768783      o 
   20.62896177530380     27.04382456816077     55.62074570078843      h 
   21.48061032252217     27.31509675188991     56.38541826022531      h 
   19.95397216407221     23.81499243013580     57.83985478476532      h 
   18.30935003197227     23.86086068191970     52.65034185085731      h 
   18.52153258437447     27.66079428809923     41.62191373076008      o 
   19.88804958417904     28.22367321112778     40.67655986597006      h 
   17.37334120819931     29.06663489130278     41.56455513167743      h 
   14.77800834714629      8.26225609675669     56.30542743389994      c 
   14.38999603951236      5.87971405139367     57.37204428474497      o 
   14.07146224121573      9.61087299669680     57.65275912593070      h 
   13.71515363528660      8.45774857993709     54.58480362818312      h 
   16.74667541137350      8.60491055435753     55.97870668951271      h 
   15.09420096245255      4.66087064890128     56.27941877547800      h 
   27.89301037538915     40.78511426284645     56.30542743389994      c 
   27.50499806756624     38.40257221729445     57.37204428474497      o 
   27.18646426945859     42.13373116259758     57.65275912593070      h 
   26.83015566334049     40.98060674602684     54.58480362818312      h 
   29.86167743961636     41.12776872044729     55.97870668951271      h 
   28.20920299050643     37.18372881480206     56.27941877547800      h 
   28.83862673860929     17.02110272633409     61.03853583957859      o 
   30.22666164056256     17.04605456005422     60.00243823137828      h 
   27.57866278002951     17.99448983937821     60.51578503259947      h 
   33.15345014901056     16.50248751373028     63.77275196821572      o 
   34.59385951032741     17.51960755229732     63.72025150022510      h 
   31.91182643864931     17.62541999593860     64.28160870121290      h 
   24.47537549459325     36.74509142664218     61.24215429381830      o 
   25.77031582611846     37.87075155326970     61.06855724885079      h 
   23.03889644105266     37.67784394457918     61.21176585327949      h 
   33.08947915656844     15.98555997644343     55.65162940845191      o 
   34.42858135079350     17.14875557823479     55.42916909864948      h 
   32.86226890456329     15.30843789243703     53.94906527956247      h 
   18.72403407470684     32.03674382001978     52.79315139581017      o 
   20.31156846479004     32.72947872911244     52.09758996541159      h 
   17.27625164354190     32.69946254927886     51.93702868449034      h 
   16.38697626821682     23.50545248902041     60.65517163700496      o 
   17.59832058013982     24.36586995556083     59.73276315331464      h 
   14.71370847152427     24.22923578216494     60.54123977285040      h 
   35.37331928359885     40.41137766898752     44.08397545030563      n 
   32.69871888637089     39.56836618999841     44.03020797586805      c 
   31.37548732970876     39.93413122721865     41.50551919370081      c 
   29.66404948920141     38.51534400325517     40.93121092958530      o 
   31.24560267234461     41.06195423363430     46.10151742102448      c 
   32.18623829621855     40.55890360198018     48.77510883498660      c 
   31.82524764764080     38.26375859744994     49.84348643647310      c 
   33.34112469893358     42.50001518923924     50.13622909552085      c 
   32.61125969093986     37.81157558811201     52.30627723969091      c 
   34.09859988900506     42.08415098883879     52.66166241742890      c 
   33.70245863456038     39.73254845247886     53.68034049025463      c 
   35.64787401276465     42.19997391176635     44.12711972222692      h 
   32.65029561852300     37.57650006804904     44.40783122256614      h 
   31.34683159930190     43.06941754810099     45.63852757316140      h 
   29.34475453045734     40.44351939877387     45.84975506430492      h 
   30.83335661626881     36.82172319044851     48.86926344718592      h 
   33.66618745956696     44.24523352628569     49.23883505330521      h 
   32.36124683362245     36.00886581388626     53.15014835388051      h 
   34.94284456762182     43.62020315347640     53.71986876552481      h 
   34.29176255929818     39.41626990434170     55.63831776255843      h 
   12.44330300984589     42.19778977463998     43.59242608762138      n 
   11.88176886266806     39.85991033722802     44.95551953952066      c 
    9.26012456563232     38.77227172119981     44.28022654488215      c 
    8.94748744003097     36.50861201310880     44.12812082061123      o 
   11.95618958248508     40.38406798999640     47.83986145946635      c 
   11.36844562349486     38.14149529441232     49.56709102938400      c 
   13.38628255246645     36.01899862911721     49.40575017320284      c 
   15.57696590533766     36.50545221141967     48.94954151733580      o 
   12.61030733009956     33.67619231313908     49.75754951847326      n 
   12.01889453847658     43.73933645939359     44.49846456195038      h 
   13.32867286020567     38.46607138768586     44.45774830781656      h 
   13.80666367088412     41.10045327665819     48.29262479098214      h 
   10.64801436233295     41.91658516807771     48.27209076047599      h 
   11.30672889931060     38.77296307025740     51.54155990452047      h 
    9.53292183870486     37.30619557953038     49.12387793780103      h 
   10.88158156928361     33.21965176338076     50.14903116679655      h 
   13.80230684950446     32.31114250128586     49.74460945733005      h 
   23.41934482634420     15.14056260826476     69.11996429513997      n 
   23.02813644259771     12.99925879864906     67.47675002871439      c 
   24.95691680326551     13.07085089295031     65.27671893743128      c 
   25.43684565659530     15.05329153070561     64.21548560325515      o 
   20.43396688172126     13.02131177027524     66.37382890980615      c 
   17.84325279888255     12.76984052243666     68.63185269790316      s 
   22.14572632977464     16.42557227081149     69.28392453126199      h 
   23.32601117950533     11.27873029162289     68.57485737047733      h 
   20.06131189405229     14.79422394718927     65.45158894658475      h 
   20.46332685138436     11.56983707198605     64.97560975541542      h 
   15.75749133097670     13.43741571132516     68.04340145814278      h 
   25.93810851471585     10.79238113803303     64.56476272846645      n 
   27.94174829394597     10.64640006167310     62.63473934726522      c 
   26.93978290847192     10.78702237375053     59.93468282934154      c 
   24.70910685258849     10.32831788557959     59.37530057716388      o 
   29.20040140972800      8.12647635444501     63.25112917626128      c 
   27.04373194758974      6.48021335894139     64.33515262522808      c 
   25.57781467612573      8.36109577913458     65.87300030031525      c 
   29.20993892122273     12.18962563338417     63.01130458043493      h 
   30.09178950830200      7.27722897219733     61.65584092124443      h 
   30.70612504664317      8.39434382762404     64.59471475078124      h 
   25.83092686711444      5.74756853686419     62.86821017668068      h 
   27.71478774994980      4.96121459489775     65.46905676086686      h 
   23.64024406283067      7.98850335197699     65.89474106200257      h 
   26.40070579374481      8.41837965202813     67.68816217121652      h 
   28.64287586507402     11.33509638717280     58.23095302904740      n 
   28.05903774946792     11.34189627195999     55.52438253677039      c 
   26.96445215729792     13.80685108974638     54.48262986338454      c 
   26.21280621582265     13.92568296415458     52.33459850239975      o 
   30.37404484274324     11.42163001921133     58.62007617466405      h 
   29.71176363322945     10.90188709469489     54.47763044390835      h 
   26.67671117575989      9.94872243546520     55.17231639224256      h 
   26.86427204487207     15.74233995315672     56.16709756670194      n 
   25.49301811873020     18.05205330100542     55.64741860865299      c 
   27.11530470205768     20.44492543632733     55.74901276955854      c 
   26.15015437700403     22.52861044123476     55.56660090741617      o 
   23.27506869701846     18.27775446189808     57.53067265399878      c 
   21.27767261635544     16.23287878980288     57.41126871097976      c 
   19.43734587347915     16.57858561722777     59.53020702646973      c 
   19.94829096832317     16.31715328848409     54.82839241429233      c 
   27.51468970000714     15.56987371150453     57.84318589691478      h 
   24.72026820653631     18.01016666154551     53.75573233645755      h 
   23.88968999763898     18.38617370481868     59.43207112622338      h 
   22.39141079682827     20.07881863536615     57.24372648288024      h 
   22.11525748082977     14.34875353600795     57.61423793361794      h 
   18.64889716727435     18.43237268207632     59.30201112761346      h 
   20.39419339202142     16.52351590013524     61.31230966387332      h 
   18.08774085152487     15.09583687364041     59.62996069577895      h 
   19.14561812898007     18.13864460936965     54.44950008055902      h 
   18.59674676515768     14.82954190548551     54.70823754293600      h 
   21.29290502524617     15.78349109483654     53.41340858259858      h 
   29.61303715620735     20.11397606956882     56.01110421940656      n 
   31.31907643858317     22.34089645197528     56.16656592159686      c 
   31.34364803374204     23.60919226139838     58.73195087067801      c 
   32.28635866514748     25.72869380573912     58.94031437424201      o 
   30.44614086024785     18.45298100092207     56.05619672243664      h 
   33.19645333285863     21.81478393327030     55.75016917903842      h 
   30.84442862321786     23.84385812515829     54.91824028417246      h 
   30.33211298629877     22.40697024433741     60.72946098855419      n 
   29.99672227752190     23.72154802267958     63.06353982954597      c 
   32.23055278717003     23.42490450496683     64.86534785754021      c 
   33.28615785965557     21.39392337663943     65.25865703223907      o 
   27.60551097395984     22.66463564118383     64.40639077272519      c 
   25.14494790970421     23.07629841218045     62.90296491935424      c 
   22.97759517538603     21.75324363786909     64.24247049504736      c 
   24.62146733346025     25.85384798054248     62.36669533154166      c 
   29.81562470673816     20.70668034790460     60.73996477834289      h 
   29.94976172539992     25.71660793417314     62.69704869460944      h 
   27.84720470962792     20.72800590202988     64.83037464535040      h 
   27.33433926771533     23.63714600566925     66.17229025600987      h 
   25.39396990944018     22.26112854962815     61.09275236052282      h 
   21.26058118729441     21.96562492216691     63.26371628932052      h 
   22.63975932336927     22.43345388556568     66.12032109070599      h 
   23.25973260661276     19.75714195107326     64.41905039097863      h 
   22.90328587475584     26.08242102882501     61.36500778056865      h 
   26.07663199265214     26.61922305523862     61.22426176344010      h 
   24.45284946730326     26.90278241642508     64.07104420095452      h 
   27.80066262786878     31.09750596879390     67.80768532759704      n 
   28.25936036291507     32.99614587784819     65.88677763194133      c 
   29.08133851613352     31.68884842160451     63.46709285278057      c 
   30.61573108980534     29.90529791283927     63.54144026426986      o 
   30.33775788475869     34.78930684530927     66.83870190586043      c 
   30.95185547088702     36.84358204904724     65.05354495315993      c 
   33.08789180906980     36.69553320431796     63.48023331747098      c 
   29.45851929691764     38.98995751707093     64.88793078239985      c 
   33.62897718904248     38.65582475048154     61.80517527756201      c 
   29.98352918112921     40.90443112823858     63.22360527283429      c 
   32.09783338460160     40.79706154890329     61.69085388495342      c 
   32.71402735994363     42.70032322269480     60.12770741452496      o 
   29.23634720509343     30.18793860057403     68.42026435149539      h 
   26.55207736383079     34.04153698233367     65.62079879868611      h 
   29.61056720804670     35.55416988061808     68.57957487251058      h 
   32.10742464009130     33.82254902147534     67.27856873838456      h 
   34.35978144582403     35.22429212113159     63.63873725809760      h 
   27.83900208334727     39.07497372411657     66.11578203095878      h 
   35.28687654303211     38.64235802290522     60.79877685560412      h 
   28.78973914185202     42.52731888630287     63.14387211479949      h 
   31.63794683524383     44.09117434354606     60.43841276059369      h 
   28.08311486627373     32.53023177432077     61.31398236878131      n 
   28.76675769230900     31.41979662410286     58.87732747926470      c 
   31.21742431411358     32.51536365621607     57.75480209712716      c 
   31.48933442642641     34.76584217318786     57.49365263106733      o 
   26.58184556248694     31.85224301512881     56.95297011723444      c 
   27.25778603222671     30.85168574647369     54.37569517934313      c 
   28.39040209002934     32.26653168996718     52.51422126717993      c 
   26.84953457391574     28.27332129124370     53.89816850538892      c 
   29.19922083499960     31.19935097551244     50.25874264249375      c 
   27.58075994138524     27.18609530613617     51.65961057000069      c 
   28.84221973578381     28.67002542607367     49.82147485551440      c 
   29.65160195186770     27.49223076460240     47.64386214573922      o 
   26.87077538309186     33.84930188723529     61.32442155432000      h 
   29.05240287120426     29.44470018175006     59.35259390152177      h 
   24.87303015704039     31.08530863476635     57.59496765771832      h 
   26.17345963392305     33.82709404708736     56.83877970323215      h 
   28.79122787343508     34.15246021002490     52.76805093835665      h 
   26.05440611147955     27.06724751305451     55.26849265310456      h 
   30.06741299975740     32.30967128349393     48.91608632162312      h 
   27.19189101814391     25.27113081540957     51.43753456960717      h 
   29.49963374541075     25.87254045534761     48.06212731590167      h 
   32.89139719590369     30.75983785981280     57.03217685790202      n 
   35.04903068605027     31.41765063733087     55.44030395958436      c 
   35.03088321746857     29.98166996556126     52.95933860442151      c 
   35.96065439168721     30.97379952192201     51.05871443701115      o 
   37.52142432669915     31.16057575659998     56.80689004814757      c 
   38.19605399181363     33.38547318095264     58.62120748555976      c 
   40.24538730708119     32.58633245086912     60.34915620334857      c 
   38.75132292135910     35.76652125263281     57.12914013633164      c 
   34.19896962069006     27.71126055473359     53.07794623620070      o 
   32.52531109329982     29.04861422919043     57.42518571678610      h 
   34.89551727298335     33.39592236956668     54.93211490134705      h 
   37.47410326173124     29.28743638133657     57.65826504525158      h 
   39.05891026666566     31.03763261010120     55.48446273522789      h 
   36.51723089858397     33.66535167384177     59.79532198908169      h 
   41.91442477592480     32.14017123902868     59.31793394126573      h 
   39.66483687507661     30.94516690210762     61.37895554997962      h 
   40.67148166098445     34.06679271913536     61.67269555195928      h 
   37.19308682444139     36.37130335891607     55.99329111553282      h 
   40.37715211666503     35.41467107354538     55.99459768320354      h 
   39.24319344259049     37.25886246378010     58.43597471365266      h 
   34.34629424930316     26.83235907245901     51.39737375997601      h 
    4.91778311789135     30.75983785981280     57.03217685790202      n 
    7.07541660803792     31.41765063733087     55.44030395958436      c 
    7.05726913926725     29.98166996556126     52.95933860442151      c 
    7.98704031367486     30.97379952192201     51.05871443701115      o 
    9.54781024849783     31.16057575659998     56.80689004814757      c 
   10.22243991361231     33.38547318095264     58.62120748555976      c 
   12.27177322906884     32.58633245086912     60.34915620334857      c 
   10.77770884334675     35.76652125263281     57.12914013633164      c 
    6.22535554267770     27.71126055473359     53.07794623620070      o 
    4.55169701528747     29.04861422919043     57.42518571678610      h 
    6.92190319497100     33.39592236956668     54.93211490134705      h 
    9.50048918371889     29.28743638133657     57.65826504525158      h 
   11.08529618865331     31.03763261010120     55.48446273522789      h 
    8.54361682057162     33.66535167384177     59.79532198908169      h 
   13.94081069772348     32.14017123902868     59.31793394126573      h 
   11.69122279687529     30.94516690210762     61.37895554997962      h 
   12.69786758278313     34.06679271913536     61.67269555195928      h 
    9.21947274642905     36.37130335891607     55.99329111553282      h 
   12.40353803865268     35.41467107354538     55.99459768320354      h 
   11.26957936438917     37.25886246378010     58.43597471365266      h 
    6.37268017129081     26.83235907245901     51.39737375997601      h 
   17.36209446698447     22.22466754504908     34.59252488136018      h 
   26.47382212115464     14.19958309886559     40.90886607315666      h 
   23.02263707665745      7.26413947719522     45.46908438714846      h 
   18.80258959974962      8.80270283987638     40.34745604147842      h 
   30.86565151760301     31.59045649637326     34.07220423285007      h 
   22.40831135317493     28.56535708979634     34.23850112701366      h 
   27.10635690165523     31.83068554948866     69.17624268227249      h 
   36.13763910471134     39.78699764328498     45.46908438714846      h 
   31.91759162780351     41.32556100596613     40.34745604147842      h 
   14.10837611559499     42.27161389871515     43.25383559244402      h 
    7.80631121450684     39.93767523910608     43.96506699116285      h 
   23.64857883008805     14.59752909034678     70.71531013294108      h 
   32.90230356100336     24.92799569562003     65.79299646228185      h 
    5.09562493822958     31.48811597648773     58.55878920042785      h 
  -0.2740977081327D-01   0.4890215660581D-01  -0.1055372055693D+00
   0.1466459936480D-01  -0.9428553173446D-02  -0.1566982301868D-01
  -0.1198809722396D-01  -0.5206191046900D-01  -0.6653341646564D-02
   0.3983280011052D-02   0.2125056979823D-01   0.1149967401374D-01
  -0.3182917686549D-01   0.1630913876131D-01   0.2560326571580D-01
   0.7711260170378D-01  -0.4438920830429D-01  -0.6325080535358D-01
  -0.3154406596656D-01  -0.3974965510245D-01  -0.1696799451975D-01
   0.5992267751185D-02   0.8838778933738D-02   0.7785299142530D-02
  -0.9261548358013D-02   0.9368805684651D-02  -0.8107432402158D-02
   0.1443122800622D-01  -0.3967672380445D-02   0.4595144104723D-02
  -0.6577524167173D-01   0.3321007575603D-01   0.5049314347667D-01
  -0.2251780261160D-01  -0.2096227172923D-01  -0.3516486496364D-01
  -0.2187710913968D-02   0.3682181962156D-02   0.1766096137244D-01
   0.1040158614839D+00   0.4668171341172D-01   0.1744320685609D-01
  -0.2674031746406D-01  -0.4283917285325D-01  -0.1508915634849D-01
  -0.8767054297598D-02  -0.1117745406986D-03   0.1068712763799D-02
   0.7262903404484D-02   0.8714836543414D-02   0.1333469871217D-01
  -0.7743957197963D-02   0.9667655138207D-02   0.2740060691777D-02
   0.9790296256325D-02  -0.9051328012036D-03   0.1571999805275D-01
   0.2049099789440D-01   0.4524214932952D-01   0.2425583041722D-01
  -0.1191887947698D-01  -0.7423793453676D-02  -0.3935664101505D-02
   0.4955822583615D-02  -0.1347743408713D-01  -0.5081962933413D-02
   0.1429673173260D-01   0.1105320483086D-01   0.2148213827888D-02
   0.6008155269320D-02  -0.3450941117023D-01  -0.2295630973118D-02
  -0.2096942966431D-01   0.1819816632970D-01  -0.3101637055104D-01
   0.7271945051550D-01   0.1774221979034D-01   0.1186305494720D+00
  -0.2744107811819D-01  -0.3198924522166D-01  -0.1962613015327D-02
   0.2077545577876D-01   0.6342624842419D-01  -0.5380065728567D-01
   0.6338214590817D-03  -0.4019120233194D-02   0.2575245744354D-02
  -0.3582968805655D-02   0.3360181405135D-02   0.5356531401594D-03
  -0.5494396494939D-03  -0.3391433394103D-01   0.2400275384088D-01
   0.6097046827986D-03   0.1977638992515D-01  -0.2447207656625D-01
  -0.2609091873058D-02   0.2126661242015D-01  -0.2315443840087D-01
   0.8539408213148D-03  -0.7625022504337D-02   0.7706998626835D-02
   0.6960292239457D-02  -0.1201360015795D-01   0.3118311195587D-01
  -0.9148926436529D-02   0.2826750142344D-02  -0.2118056684262D-01
   0.6058951572083D-03  -0.5527135379239D-01   0.5364206776258D-02
  -0.3978950427461D-03   0.1133037185430D-01  -0.5350274911042D-02
  -0.2297490064653D-02   0.1028303624592D-03  -0.2029647018195D-02
   0.2068828252324D-01   0.2111504445273D-02  -0.7030004076343D-02
   0.4534600587746D-02   0.1081851190482D-01   0.9278124309912D-02
  -0.3002359314283D-02  -0.1687130833893D-01   0.5023379749477D-02
   0.2287440131814D-02   0.1114586061245D-01  -0.3877404428893D-02
   0.9836340229866D-03   0.4446773223809D-02   0.1220894635590D-02
   0.1786360012756D-02   0.8165516617828D-03   0.6731144403151D-02
  -0.4323386890168D-02   0.5274958987597D-01  -0.1195246954394D+00
   0.6306898839694D-02  -0.1888538613518D-01  -0.2690061127593D-01
   0.1679822135356D-01  -0.6295853803440D-02  -0.5922464133366D-02
  -0.2281949772624D-01   0.1120477873840D-01   0.4231447990862D-02
   0.3429322069989D-01   0.7633751678635D-02   0.3453830213326D-03
  -0.1899994526913D-01   0.1237949674953D-01   0.3002141411232D-01
  -0.7832785667109D-02   0.2774048980005D-01   0.2408864605824D-01
  -0.4089758006424D-02   0.4001430305472D-02   0.6219518791393D-02
  -0.2962182150141D-01   0.1701885799847D-01  -0.2022131679632D-01
  -0.5450555384149D-02  -0.1641026036485D-01   0.7120321958687D-02
   0.2383653573397D-02   0.2597804227941D-02  -0.6668582526761D-02
  -0.1543044789686D-02  -0.1479211988596D-01  -0.1314528257524D-01
   0.9520999499437D-02   0.3759723652484D-02  -0.4754315091013D-02
  -0.4433163469506D-03  -0.2421946944728D-01   0.1494462656238D-03
  -0.5893993511964D-01   0.3076082037420D-01   0.1753417890676D-01
  -0.2166816524499D-01  -0.1824843861339D-01  -0.4777211481115D-03
  -0.1841210828518D-01   0.3700460234375D-01  -0.6950601269571D-03
   0.2047951475887D-01  -0.3130191370160D-01  -0.1389175620455D-03
   0.6622129833269D-01  -0.4489277774905D-01  -0.1976992215289D-01
   0.2406285330782D-01   0.5666928860719D-02  -0.8568536291185D-02
  -0.1324969495668D-01   0.1594387709934D-01   0.1504090568322D-01
  -0.3916081280295D-01   0.4516914399332D-01  -0.2565036953071D-02
   0.3584529168601D-02  -0.1297071161119D-01  -0.8596891384879D-02
   0.1791086021085D-01   0.2395108574883D-02  -0.1204629337073D-01
   0.3746715796668D-02   0.3253246636101D-02   0.3838409072597D-02
   0.2524627738625D-01   0.9146355327195D-02   0.3620950445633D-02
   0.5100474930912D-01   0.2938084096152D-02  -0.3169377778432D-02
  -0.4320333063706D-01   0.3758866688543D-02   0.6291836617708D-02
   0.4229353515501D-01   0.2591813523513D-01   0.1290036147840D-02
   0.4433346442170D-01  -0.5309019770848D-01   0.6853580387691D-03
  -0.1522849278740D-01   0.1609440321317D-01   0.8329961012094D-02
  -0.9579491264867D-02   0.2369081554077D-02  -0.1030965047965D-01
  -0.1361802317440D-01  -0.5207650962361D-02   0.1297141870943D-01
  -0.7283166374665D-01   0.9597377885911D-02   0.1606186045641D-02
   0.2075402490758D-01  -0.4174582986710D-01  -0.3332442251065D-02
  -0.9918305556600D-02  -0.6671594060468D-02   0.4761511948156D-02
   0.1454132730363D-01  -0.2351378895755D-01  -0.1384247680854D-01
   0.2044006109681D-01   0.2278198989104D-01   0.1566109066270D-01
  -0.1286020347570D-01  -0.2187205130078D-01  -0.1769965081482D-01
  -0.6394680115598D-02  -0.6841690112280D-02   0.3285147666356D-04
  -0.9519592601342D-02   0.6700238059287D-02  -0.1105714227235D-01
  -0.6661598652109D-02   0.3020292455281D-02   0.3785494382191D-01
  -0.2202549059400D-01   0.6253244415935D-02   0.1159221815621D-01
   0.1348137534084D-01   0.1601948367890D-01   0.1066393542313D-01
  -0.9067876145076D-02   0.7125180047893D-02   0.2870263114511D-03
   0.2416875032514D-01  -0.1364106997531D-01   0.6138503986078D-02
  -0.3271882098118D-02   0.9944590660953D-02  -0.1204331569734D-01
   0.4744824401083D-02  -0.1579843952504D-01  -0.1103852148904D-01
  -0.7208057538195D-02   0.4163482948569D-02  -0.1306024188969D-01
   0.2137798172319D-01   0.6265247049189D-01   0.9028778277646D-01
  -0.1431895487076D-01  -0.4451404948751D-02  -0.7934349646865D-02
  -0.3701829944911D-01  -0.1507592948520D-01  -0.2097269709494D-03
   0.3350186427114D-01   0.2294564080714D-01  -0.1216480341264D-02
  -0.2654942904607D-01  -0.2833049305268D-01   0.3527125158519D-01
   0.4261875662942D-01  -0.3806229840201D-01  -0.6419292764790D-01
  -0.1253720548648D-01   0.4717887226473D-01   0.6128039047127D-02
  -0.1330363316778D-01   0.9355688820280D-02   0.3072980650525D-01
  -0.3080778341938D-01  -0.4916571374684D-01  -0.7911080409854D-01
   0.1138206371021D-01   0.1224114617529D-01   0.1091349280124D-01
   0.3367616663529D-02   0.1248555968081D-03  -0.1505753748921D-02
   0.1886006236230D-01  -0.5944761480413D-02  -0.2698061627483D-02
  -0.3056297430470D-01  -0.3149795607027D-01   0.4282382069209D-02
   0.2252680545379D-01   0.1778386982916D-01   0.3584152798115D-02
   0.3723575863030D-01   0.4910879165850D-01  -0.7328001835795D-01
  -0.2811069972625D-01  -0.1145251520739D-01   0.1060327525085D-01
   0.3111023372865D-01   0.2452725284012D-01  -0.3154254388498D-02
  -0.1473074209983D-01  -0.1844838392452D-01  -0.1019850008229D-01
  -0.1167330345209D-01   0.4641803766001D-03   0.1011337871188D-01
   0.5944510327506D-01   0.1905939866789D+00  -0.2068743388732D-01
   0.8990752963558D-01  -0.4464169713909D-01  -0.1637444891954D-01
   0.1505800747590D+00  -0.7652091284346D-01   0.1497967679802D+00
  -0.2003030065902D+00  -0.4137424698740D-01  -0.1528744186543D+00
  -0.2256291653408D-01  -0.4086136213702D-01   0.5181787357400D-01
  -0.7928462598452D-01   0.1625210282627D-01  -0.1376824854578D-01
   0.2315656922438D-01   0.2889221322990D-02  -0.2048602372205D-01
  -0.2704337067708D-01  -0.4388060380754D-02   0.1958592986374D-01
   0.5993019635934D-02   0.1348639477286D-02  -0.2407745298253D-02
   0.5759972786490D-02   0.1861748857075D-03  -0.5733348851045D-02
   0.8692667297108D-02  -0.1830041158230D-02  -0.1691853393738D-01
   0.2724365580096D-02  -0.7267521766342D-02  -0.6316457623879D-02
   0.4154715811709D-02  -0.2613534178019D-02   0.1253406284416D-01
  -0.1241277906155D-01  -0.4397882358949D-02   0.4031744789346D-02
  -0.7262113304510D-02   0.1515358143895D-01   0.1176969687677D-01
   0.4421934733425D-02  -0.6754604350911D-03  -0.5981519829882D-02
   0.1190793636069D-01  -0.5130649325902D-02  -0.1325679396298D-01
   0.3296762978164D-02  -0.7257005757022D-02  -0.6187547176391D-02
   0.4490737188491D-02  -0.2473114857453D-02   0.1307171094053D-01
  -0.1223153419866D-01  -0.3379358267848D-02   0.3859281367373D-02
  -0.1177194007745D-01   0.1393194281417D-01   0.6917771754730D-02
  -0.2764160449022D-01   0.5091604674875D-01  -0.5408799963090D-01
  -0.4118816661768D-01   0.2783806798821D-03   0.2809180910859D-01
   0.6608159903505D-01  -0.4895813698890D-01   0.2528551492226D-01
  -0.6451733903049D-02   0.3716662758344D-01   0.1069565010943D-01
  -0.2703165163763D-01  -0.1219971068749D-01   0.7411324155246D-03
   0.3010542272587D-01  -0.1845771452022D-01  -0.1146854911768D-01
  -0.8927478324099D-02   0.6395426957522D-01  -0.1308145317717D-01
  -0.4435830505057D-01  -0.3248566355328D-01   0.9562420771405D-02
   0.5301080051848D-01  -0.2949594011074D-01   0.2239269611658D-02
   0.1407254018507D-01   0.9010827603474D-02   0.1663413074033D-01
  -0.1489700945225D-01  -0.8654977950230D-02  -0.4148277856117D-02
   0.1536963699547D-02  -0.4478721349861D-04  -0.1271777990589D-01
  -0.2103090717124D-01  -0.1758231004906D-02  -0.2736499008381D-02
   0.2583448474147D-01   0.6069216426883D-02  -0.3778467993808D-02
  -0.5537171704685D-02  -0.6190826103523D-02   0.5972321822001D-02
   0.3145835770372D-01   0.2585799653107D-01  -0.3112089496890D-01
  -0.1552525760321D-01  -0.2244607346590D-01   0.2162319232559D-01
  -0.1024558517507D-01  -0.1862512856451D-02   0.5102363811277D-02
   0.6902223226800D-01   0.1204268330454D-01   0.1163398997675D+00
  -0.2593872136292D-01  -0.3111263599394D-01  -0.2233947714063D-02
   0.2239734611450D-01   0.6465273356208D-01  -0.5286769463328D-01
  -0.1172951095032D-02  -0.5455101235250D-02   0.2602551853784D-02
  -0.4793153633626D-02   0.2591671816505D-02   0.1465882987253D-02
  -0.5064947997059D-03  -0.3370290684635D-01   0.2365734043750D-01
   0.5713064581277D-03   0.1874730133332D-01  -0.2465237031849D-01
  -0.3765367509496D-02   0.2177629442314D-01  -0.2273171185938D-01
  -0.2382594896029D-03  -0.8549850827786D-02   0.8332094713288D-02
   0.6751478551987D-02  -0.1293451370343D-01   0.3147487679302D-01
  -0.9657065748700D-02   0.1376890391184D-02  -0.2130220817471D-01
   0.3387392035426D-02  -0.5592860340027D-01   0.5984344500395D-02
  -0.3315552941403D-03   0.1135442917576D-01  -0.5855256305690D-02
  -0.1354905885084D-02   0.2041283389795D-04  -0.1686451466065D-02
   0.2019254506054D-01   0.2267984946450D-02  -0.7050801533796D-02
   0.4647070540528D-02   0.1141647210260D-01   0.9386820876869D-02
  -0.2348263689901D-02  -0.1752883636389D-01   0.5569857084220D-02
   0.1994980878619D-02   0.9765134862578D-02  -0.4122781406179D-02
   0.1234670529475D-02   0.4527196358694D-02   0.6659209475530D-03
   0.4379129438126D-02   0.1625322801582D-02   0.7402792823574D-02
   0.1186645464645D+00   0.3672784602423D-01  -0.3595616388599D-02
   0.1097036384203D-01  -0.7841689666632D-02  -0.5418679475466D-02
  -0.7231985005203D-01   0.5098753069504D-01  -0.1132574261582D-01
   0.1220206342008D-02  -0.5052218094319D-03  -0.9245447591118D-03
   0.6891980241520D-02   0.4291177298939D-02  -0.3752188282396D-02
  -0.1587534562277D-02   0.1491212613831D-01  -0.6282190773692D-03
   0.1392433819923D-01  -0.2610341676778D-01   0.5244681793294D-02
  -0.2240696489279D-01  -0.6076302060897D-02   0.2380325886916D-02
   0.7639731329162D-02  -0.2694337464621D-01  -0.2288253427152D-02
   0.1805091876507D-01  -0.2785676952545D-01  -0.2214934930686D-01
   0.4133649579161D-02   0.1959172426421D-02  -0.1864269135368D-02
  -0.1178929519700D-01   0.8032817614758D-03  -0.1216355009857D-02
   0.5235762683342D-02   0.9474877390650D-03   0.1655563863293D-02
  -0.1992132885374D-02   0.1227344649006D-03   0.3724347443427D-02
  -0.1067647782442D-02  -0.9128994011141D-03   0.6723644178051D-03
   0.4006581774424D-01   0.8569131028401D-02  -0.7046914611841D-02
  -0.3361811695703D-01   0.3580016460176D-01   0.3699478461439D-02
  -0.2654102316961D-01  -0.1581186560797D-01   0.1027659792973D+00
  -0.2186986895732D-02  -0.6160779330423D-02  -0.1511863004536D-01
   0.2405663735218D-02   0.1818198284074D-01   0.5903061565913D-02
  -0.1139466992142D-02   0.5033585497351D-04   0.3110509192459D-02
   0.1521294335417D-01  -0.9617432635701D-02   0.2408506964519D-01
  -0.8234036004608D-01   0.4573645282637D-01  -0.6311552972023D-01
   0.3933129393382D-01  -0.3246152747062D-01   0.1538196864500D-01
   0.9270204795772D-03   0.1527789332196D-02  -0.3785290583108D-03
  -0.4058114655337D-02  -0.1077961660595D-01   0.8551107946179D-02
   0.1392993212774D-01   0.1562004743484D-01   0.1159040275846D-01
   0.6870502044152D-01  -0.3126402489215D-01   0.4515337822481D-01
   0.9424490503277D-03  -0.1510895307932D-01  -0.2553152099710D-02
   0.9409958125760D-02   0.4089256859341D-02  -0.1671717580678D-01
   0.5266980876337D-01   0.1661168787824D-01  -0.1902239592200D-01
  -0.1987534040725D-01  -0.6494491896952D-02  -0.8630100994328D-02
   0.6720702933461D-02   0.1003440340461D-01  -0.7179680006189D-04
  -0.8253307967784D-02  -0.1246289352242D-01   0.1521449161165D-01
  -0.1338253909424D-01  -0.2066741418197D-01   0.2041467973448D-01
  -0.7354003641515D-02  -0.1230819748944D-01   0.4307947357893D-02
  -0.1736598825154D-02   0.7024432011148D-02   0.1608543249713D-01
  -0.9280609414298D-03  -0.2877249967060D-02  -0.1151791770150D-01
  -0.7361238254390D-03   0.2318507404537D-02   0.9269166614122D-02
  -0.6490999998675D-02   0.1143980818597D-01  -0.7196201149386D-02
   0.3103252058444D-01   0.1025771807059D-01  -0.5479254306359D-02
  -0.5536858677919D-02  -0.5780836790794D-02  -0.2645882444467D-01
   0.3909566666624D-01  -0.4251265626974D-02   0.5167802108336D-01
  -0.3595230471972D-02  -0.2034388308343D-01  -0.2028351774405D-01
  -0.1840778897716D-02  -0.5088127467847D-02  -0.3222866365182D-01
   0.4608095045797D-02  -0.5009756520243D-02   0.1887278304800D-01
  -0.6942592806773D-01  -0.7855637536304D-02  -0.2034998948034D-01
  -0.1635917394388D-01   0.4724020004830D-02   0.9360761377956D-02
   0.1931644915444D-01   0.1854527568985D-01   0.5275542384933D-02
   0.1477617433163D-01  -0.6022710887916D-03   0.6895354190857D-01
   0.3013739843930D-02   0.1553428666119D-02  -0.1547746467444D-01
   0.1330914139420D-01  -0.4058140877130D-02   0.4794035643836D-02
  -0.5479238117327D-02   0.2276148845907D-02  -0.5381051840878D-02
  -0.1323023007458D-02  -0.3668267487991D-02   0.8970656987797D-02
  -0.2037936360643D-02   0.1278689216785D-01   0.2193822380374D-01
  -0.5452729441270D-02  -0.9512170292604D-02  -0.5829532068545D-02
  -0.1143975330719D-01   0.1059801922691D-01  -0.1134850189888D-01
  -0.1529039162586D-01   0.1319737823163D-01  -0.5050941149766D-01
   0.2154578725077D-02   0.2665221584257D-02   0.7304489729128D-02
  -0.1579926427310D-01   0.4657317156983D-02  -0.2167310721302D-01
   0.7588662115439D-02  -0.1184975439925D-01   0.1080248491750D-01
  -0.5369762989213D-02  -0.3414093182218D-03   0.4374106848054D-03
   0.1373064256424D-01  -0.5627821887724D-02  -0.2876441222990D-02
  -0.1012004822355D-01  -0.2083886528066D-02  -0.1177296355147D-01
   0.1596940320340D-01   0.7233337538062D-02   0.6597165367945D-02
   0.2299988962116D-02  -0.5678983318102D-02   0.2184794595678D-02
   0.1903345056511D-01   0.5817985270240D-02  -0.3512586905534D-02
  -0.9858979255125D-02  -0.6270113517533D-02   0.1222667820384D-01
  -0.1033567984512D-01  -0.4546957461542D-01  -0.2222535485794D-02
   0.2208476584186D-01   0.2190565912396D-01  -0.1888831353155D-01
  -0.2902234055196D-02  -0.1083371448334D-01  -0.1319500256710D-01
   0.5642759875344D-02   0.8815005626218D-02   0.3336539331196D-02
  -0.1129007243197D-01   0.2703913676602D-01   0.1732280743025D-02
  -0.2139157219762D-01   0.1018664352605D-01   0.5260510512635D-02
   0.1159231750313D-01  -0.9126459219340D-02   0.1481458043482D-01
  -0.2646320144058D-01  -0.6770116840249D-01   0.1264784006910D-01
  -0.5716260576644D-03   0.5381509337170D-02  -0.2370562320659D-01
   0.9584088856259D-02   0.9024235033362D-01   0.2929112460770D-01
   0.1270048832136D-01  -0.2083246407171D-01   0.8734874382728D-02
   0.3681061933509D-02  -0.3050238115363D-01   0.7032481931800D-02
  -0.6051874301064D-02  -0.2803283594932D-02  -0.9807909513821D-02
  -0.7145614703881D-02   0.5905684158718D-03  -0.7401045751826D-02
   0.2243203809351D-03   0.1050778853850D-01  -0.1158286365928D-01
   0.1898201061231D-01   0.6753139814441D-01   0.3094345841982D-02
   0.7551979041034D-02  -0.1289711211252D-01   0.2870239739704D-02
  -0.3552412905930D-02   0.2297377024518D-01  -0.3596445007130D-03
  -0.3551391896239D-02  -0.6405118524982D-02  -0.9666635523607D-02
  -0.4193660563834D-03   0.1460284708479D-01   0.2263657632647D-01
   0.2119605034379D-01  -0.6326736858419D-02   0.1734240135194D-01
  -0.3922874732562D-02  -0.9075815187716D-02  -0.1028543243406D-01
  -0.9370776879295D-02   0.1296309139520D-01   0.1034527303241D-02
   0.1806161759555D-01   0.2204477646037D-02   0.1071460784812D-01
  -0.1494392969656D-01  -0.8273442558156D-02   0.8649253658507D-02
  -0.2194186502883D-02  -0.9858343504875D-02  -0.1530863024716D-01
   0.1487081952514D-02   0.3673999181845D-01   0.1121785470655D+00
  -0.1996784672651D-01   0.1488976637114D-01  -0.4182973060535D-02
  -0.2106612640571D-01   0.2292037679327D-01  -0.2953477228150D-02
   0.1345361734872D-01  -0.1723231786991D-01   0.8432583797987D-03
  -0.8332070638555D-02  -0.2909928958797D-02  -0.8660471735558D-03
  -0.1499796129825D-01  -0.9396939201352D-02   0.1927947081607D-01
   0.2934251439600D-01  -0.4014637743630D-01   0.1407764922257D-02
   0.4182907185389D-02   0.1142968362082D-01  -0.4104910914135D-02
   0.2912165829772D-01   0.1984281373108D-02  -0.3009251192422D-01
  -0.1004486589931D-02  -0.1724908145009D-02   0.5148153116983D-03
   0.4012206629196D-03   0.1639702207494D-01  -0.5445832200852D-02
  -0.1753322307888D-01   0.5290578191578D-02   0.1105424146657D-01
  -0.5141899976513D-01   0.2889883421139D-01  -0.3735679864997D-02
   0.1261587200136D-01  -0.6429981557509D-02   0.5412389709485D-02
   0.2140379915794D-02  -0.6922080563200D-02  -0.1002163933980D-01
   0.3634155838033D-02   0.9048512811264D-02   0.1479226479848D-02
  -0.1934532872233D-01   0.2910116314023D-01  -0.1624956849002D-02
   0.3439713780873D-02  -0.3946760970122D-02  -0.6402882100923D-03
  -0.3200387375357D-01   0.2601947336717D-02   0.2415639722324D-01
   0.6293665037043D-02  -0.8730280820281D-02  -0.4493688177238D-03
   0.1254134999470D-01  -0.1510317337978D-01  -0.1496270311484D-02
  -0.4079754680612D-01   0.3966968753098D-01   0.9069864353952D-02
   0.1156512904279D-01  -0.2670279480867D-02  -0.6767879403149D-02
   0.9526957523409D-02   0.1288359173098D-01  -0.5563517392415D-02
  -0.4623493854478D-02  -0.1764138830349D-01   0.4891553532445D-02
  -0.2659516985637D-01  -0.6171892699623D-02   0.6625010961513D-02
   0.3598878346537D-02   0.1891228635064D-01  -0.8172128822959D-02
   0.1661020539116D-02   0.2859931682408D-01   0.5930966797717D-02
  -0.1032879952829D-01  -0.1786906954117D-01   0.8641416425654D-02
   0.1550383904424D-01   0.1341336132213D-01  -0.2173024257571D-01
  -0.1559198014691D-01  -0.3812014596560D-01   0.1688174520972D-02
   0.1328222255335D-01   0.1817921768272D-01  -0.8236486246096D-02
  -0.5193580280198D-02  -0.8733244839879D-01   0.6144802815467D-02
   0.4212161179151D-01  -0.4931996120584D-01   0.7949568880170D-03
  -0.1885458934663D-02   0.8755864066798D-02   0.8436831831681D-02
   0.2087846969131D-01   0.2169905261677D-01  -0.1244901685174D-01
  -0.5485343108799D-02  -0.1833534232948D-01   0.2092729090108D-03
  -0.3260170666756D-02  -0.3728696148767D-01  -0.7524285408194D-02
   0.8794360438573D-02   0.8409943616779D-02  -0.1270230697253D-01
  -0.1755268272927D-01  -0.1803752309338D-01   0.2646237298485D-01
   0.5155343857699D-02   0.2765668013378D-01   0.8770172778666D-02
   0.2218065099383D-02   0.8097567061662D-01  -0.1781876587926D-01
  -0.1323700303977D-01  -0.6347458743428D-01   0.1875102819706D-01
   0.1921633229845D-01  -0.7552641888032D-02  -0.1968747579608D-02
  -0.2887247151215D-01  -0.3485903884550D-01   0.2206781947628D-01
   0.1358256801476D-01   0.1521337498917D-01  -0.2105302930402D-01
  -0.1821321915358D-01   0.6573336100370D-02  -0.8003412491838D-02
   0.4137310252627D-01   0.1491733785512D-01   0.1209709110256D-01
  -0.1116103362571D-01  -0.1087052797456D-02  -0.8542149787200D-02
  -0.7015886665984D-02   0.3187941620837D-02  -0.1530793015416D-01
   0.1243476015192D-01   0.2440897984422D-01   0.7782690959630D-02
   0.5935289780191D-02   0.6192087006275D-01  -0.1149096496577D-01
   0.7376755758948D-02  -0.7013037141996D-02   0.1264478298386D-02
  -0.6806724723974D-03  -0.1779321759322D-02  -0.1382088557678D-01
  -0.7181948857001D-02  -0.1949837038035D-02   0.1403251924924D-01
   0.4559170205676D-02  -0.4716019987381D-02   0.8726350803959D-03
  -0.1510275017318D-01   0.3598495829932D-02   0.7713473981438D-02
   0.2257310809269D-02   0.9547701119292D-02  -0.7115382809234D-02
  -0.2878105931940D-02  -0.6416036541330D-02  -0.6482623204610D-02
   0.6488140234873D-02  -0.1019888587307D-02   0.5404264354338D-02
  -0.1064032422831D-01   0.3287385891149D-03   0.1329921035810D-01
   0.7825102537586D-03  -0.5268008943310D-02  -0.2781011223035D-02
  -0.2266692185044D-02   0.6282822995909D-03  -0.6954677860993D-02
   0.1001124074954D-01  -0.7917619562983D-02   0.1228572194429D+00
   0.2402198162692D-01   0.1803263795029D-02   0.1225469052114D-02
  -0.2832353343140D-01  -0.3723853352482D-01   0.1032456011934D-01
   0.1239952104172D-01   0.1495528971356D-01  -0.1568334069237D-01
  -0.2307194761604D-01   0.5843477464892D-02  -0.4516842121066D-02
   0.4081597381326D-01   0.1607593610621D-01   0.1338031115714D-01
  -0.1036251692527D-01  -0.1147653780050D-02  -0.8355295900110D-02
  -0.6244752197483D-02   0.2630027948627D-02  -0.1555929647241D-01
   0.6488952201671D-02   0.2985294779489D-01   0.2152764473822D-01
   0.3971907254399D-02   0.6904252570996D-01   0.4285409673271D-02
   0.8438484816483D-02  -0.7596176762494D-02   0.3231797585363D-02
  -0.2150689723197D-02  -0.1553499939789D-02  -0.1357786072433D-01
  -0.9335385947014D-02  -0.1454875768539D-02   0.1262246795266D-01
   0.3854528709087D-02  -0.6213123933327D-02  -0.7547335572535D-03
  -0.1511085007048D-01   0.3456844501690D-02   0.7599835225103D-02
   0.1838613283285D-02   0.9101156200614D-02  -0.7479661745981D-02
  -0.3052548544849D-02  -0.6249772484240D-02  -0.6520491001719D-02
   0.7157164139543D-02  -0.1984436204754D-02   0.5887617188000D-02
  -0.1094702213595D-01   0.3892110666970D-03   0.1316784021144D-01
   0.9910406557400D-03  -0.5187962239934D-02  -0.2701361025144D-02
   0.3008421815821D-02  -0.6924078936128D-02  -0.1795373671781D-01
   0.6736980874156D-01  -0.1133674397591D-01   0.1229297082395D+00
  -0.7180731230087D-01  -0.1943143435045D-02  -0.8871413651403D-02
  -0.6116149030501D-01   0.5562630780710D-01  -0.1117765282259D+00
  -0.2567054945611D-01  -0.5806373062376D-01   0.4215837361747D-01
   0.2664398086294D-01  -0.5122052876692D-01   0.1202771487826D+00
  -0.6998782762994D-02  -0.3505315705578D-01   0.6669407631764D-01
   0.6418283109762D-01  -0.6134773010869D-01  -0.1102498746093D+00
  -0.6122878639812D-01   0.5792760726870D-01  -0.1115127456719D+00
  -0.2459841399548D-01  -0.5789937801134D-01   0.4287042792940D-01
  -0.1344923517233D+00  -0.2996650291243D-02   0.3170592733141D-01
   0.5364222323691D-01  -0.5365849643220D-01   0.1053186458262D-01
  -0.2803152015918D-01   0.4571902141182D-01  -0.1299730853479D+00
  -0.1700397767869D-01  -0.6654078191602D-01  -0.3312494871457D-01
  -0.1440591332764D-01  -0.7111790168884D-01  -0.1227685098857D+00
$end                                                                            
