1642  
  
-0.414  6.169  3.899  16.827    
-0.007  7.258  4.02  15.893    
0.375  8.123  2.761  15.952    
-0.594  8.432  2.185  17.0    
0.357  4.866  4.251  16.548    
-0.423  4.49  4.713  15.459    
0.209  6.398  3.535  17.722    
0.043  4.17  4.067  17.4    
-0.042  8.153  5.26  16.162    
-0.153  9.025  5.015  17.376    
-0.152  9.019  5.589  14.965    
0.088  6.836  4.108  14.844    
0.052  7.48  6.137  16.373    
0.047  9.355  5.984  17.823    
0.01  9.933  4.433  17.085    
0.1  8.467  4.442  18.157    
0.044  9.725  6.42  15.208    
0.04  8.397  5.897  14.091    
0.023  9.617  4.693  14.669    
-0.204  8.526  2.318  14.765    
0.002  9.367  1.142  14.63    
0.318  8.922  0.225  13.508    
-0.422  8.413  0.681  12.484    
0.204  8.322  2.688  14.016    
0.051  10.28  1.419  14.454    
0.051  9.356  0.636  15.457    
-0.204  9.116  -1.075  13.703    
0.058  8.738  -2.068  12.704    
0.318  7.287  -2.497  12.896    
-0.422  6.57  -1.94  13.728    
-0.12  9.664  -3.273  12.779    
0.204  9.468  -1.411  14.413    
0.046  8.823  -1.678  11.82    
0.04  9.418  -3.906  12.087    
0.04  10.578  -2.976  12.646    
0.04  9.575  -3.685  13.653    
-0.204  6.509  2.328  -5.757    
0.058  7.306  1.142  -6.048    
0.318  8.597  1.525  -6.763    
-0.422  8.72  2.624  -7.305    
-0.12  6.506  0.159  -6.887    
-0.422  9.548  0.745  -6.816    
0.204  6.676  2.996  -6.273    
0.046  7.541  0.707  -5.215    
0.04  7.058  -0.615  -7.077    
0.04  5.717  -0.11  -6.39    
0.04  6.245  0.591  -7.715    
-0.414  3.319  2.7  -9.305    
-0.007  2.353  2.901  -8.255    
0.375  1.347  1.75  -8.256    
-0.594  0.614  1.471  -9.209    
-0.042  1.575  4.236  -8.389    
-0.153  0.938  4.589  -7.061    
-0.152  2.488  5.357  -8.835    
0.357  4.672  2.917  -9.161    
-0.423  5.203  3.308  -8.11    
0.209  2.961  2.386  -10.176    
0.088  2.889  2.9  -7.255    
0.052  0.764  4.097  -9.157    
0.047  0.343  5.53  -7.149    
0.01  1.731  4.742  -6.289    
0.1  0.257  3.773  -6.714    
0.044  2.02  6.351  -8.635    
0.04  2.713  5.282  -9.925    
0.023  3.454  5.303  -8.276    
0.043  5.253  2.691  -10.086    
-0.204  1.319  1.053  -7.125    
0.002  0.43  -0.079  -6.945    
0.318  0.841  -0.952  -5.776    
-0.422  0.857  -0.5  -4.632    
0.204  1.813  1.22  -6.441    
0.051  -0.473  0.24  -6.787    
0.051  0.428  -0.621  -7.749    
-0.204  1.176  -2.206  -6.067    
0.058  1.615  -3.144  -5.039    
0.318  3.073  -3.535  -5.257    
-0.422  3.589  -3.447  -6.372    
-0.12  0.73  -4.381  -5.032    
0.204  1.156  -2.541  -6.858    
0.046  1.546  -2.723  -4.168    
0.04  1.053  -4.995  -4.355    
0.04  -0.181  -4.116  -4.831    
0.04  0.767  -4.802  -5.905    
0.394  7.48  9.181  -3.194    
-0.653  7.663  8.084  -2.624    
-0.242  7.77  9.269  -4.663    
-0.585  7.063  10.208  -2.616    
0.027  7.985  8.274  -5.052    
0.022  8.635  9.914  -4.823    
0.037  6.907  9.688  -5.181    
0.394  9.141  -2.833  -6.329    
-0.653  9.864  -1.976  -5.776    
-0.242  9.093  -2.854  -7.828    
-0.585  8.46  -3.679  -5.708    
0.027  9.837  -2.163  -8.224    
0.022  9.303  -3.862  -8.186    
0.037  8.102  -2.547  -8.163    
0.394  1.889  6.638  15.979    
-0.653  2.008  5.949  14.943    
-0.242  1.269  7.997  15.853    
-0.585  2.251  6.26  17.114    
0.027  0.897  8.133  14.837    
0.022  0.443  8.089  16.558    
0.037  2.018  8.759  16.068    
-0.408  5.907  0.468  16.967    
0.204  6.079  1.083  16.421    
0.204  5.493  -0.126  16.542    
-0.408  12.485  3.22  17.52    
0.204  13.303  3.16  17.701    
0.204  12.347  4.011  17.276    
-0.408  6.757  -0.61  15.381    
0.204  6.607  -0.034  14.788    
0.204  7.421  -0.34  15.82    
-0.408  7.077  5.912  -7.602    
0.204  7.771  6.257  -7.278    
0.204  6.548  6.542  -7.768    
-0.408  10.959  5.521  -5.536    
0.204  11.589  6.071  -5.605    
0.204  10.246  5.956  -5.624    
-0.408  9.941  6.089  -3.676    
0.204  10.615  6.591  -3.662    
0.204  9.266  6.588  -3.686    
-0.408  7.674  8.067  -7.987    
0.204  8.371  8.535  -7.987    
0.204  7.024  8.599  -8.005    
-0.408  -1.675  1.184  -10.067    
0.204  -1.011  1.693  -10.142    
0.204  -2.358  1.673  -10.066    
-0.408  4.535  -2.027  -7.62    
0.204  5.356  -2.2  -7.643    
0.204  4.357  -1.797  -6.832    
-0.408  3.38  -0.257  -7.229    
0.204  3.806  0.397  -7.541    
0.204  3.035  -0.656  -7.883    
-0.408  3.57  -0.191  -4.652    
0.204  3.7  0.467  -5.158    
0.204  3.497  -0.866  -5.146    
-0.408  5.352  -0.702  -3.557    
0.204  6.059  -0.257  -3.645    
0.204  4.765  -0.172  -3.274    
-0.408  6.204  0.234  12.032    
0.204  6.421  0.799  12.615    
0.204  5.719  -0.336  12.415    
-0.204  11.8619998169  14.4975003433  -9.878    
0.058  11.7869998169  13.0425003433  -9.941    
0.318  12.0239998169  12.4565003433  -8.554    
-0.422  11.4019998169  12.8765003433  -7.578    
-0.038  10.4359998169  12.5805003433  -10.516    
-0.114  10.1659998169  13.2665003433  -11.851    
-0.114  10.4109998169  11.0595003433  -10.66    
0.204  11.3789998169  14.8435003433  -9.257    
0.046  12.4869998169  12.7135003433  -10.525    
0.038  9.72899981689  12.8335003433  -9.902    
0.038  9.58999981689  12.7055003433  -12.393    
0.038  11.0099998169  13.4135003433  -12.307    
0.038  9.72699981689  14.1145003433  -11.683    
0.038  9.75099981689  10.6975003433  -10.047    
0.038  11.2879998169  10.7055003433  -10.446    
0.038  10.1779998169  10.8235003433  -11.571    
-0.204  12.9259998169  11.4835003433  -8.474    
0.058  13.2579998169  10.8465003433  -7.206    
0.318  14.7449998169  10.5135003433  -7.166    
-0.422  15.4229998169  10.5405003433  -8.193    
-0.038  12.4099998169  9.57950034332  -6.975    
-0.114  10.9349998169  9.93750034332  -6.866    
-0.114  12.6369998169  8.56950034332  -8.094    
0.204  13.3619998169  11.1715003433  -9.147    
0.046  13.0729998169  11.4655003433  -6.483    
0.038  12.6809998169  9.16750034332  -6.14    
0.038  10.4389998169  9.14950034332  -6.593    
0.038  10.8289998169  10.6395003433  -6.205    
0.038  10.6189998169  10.2445003433  -7.73    
0.038  12.0429998169  7.81450034332  -7.959    
0.038  12.4449998169  8.99250034332  -8.945    
0.038  13.5599998169  8.27150034332  -8.072    
-0.204  15.2419998169  10.1975003433  -5.974    
0.058  16.6419998169  9.83950034332  -5.789    
0.318  17.1949998169  10.5845003433  -4.578    
-0.422  16.4629998169  10.8605003433  -3.627    
0.204  14.7809998169  10.1845003433  -5.248    
-0.038  16.8059998169  8.31950034332  -5.617    
-0.114  16.0969998169  7.57750034332  -6.747    
-0.114  18.2849998169  7.95150034332  -5.55    
0.046  17.1499998169  10.1135003433  -6.568    
0.038  16.3939998169  8.05150034332  -4.78    
0.038  16.5819998169  6.76550034332  -6.959    
0.038  16.0589998169  8.15250034332  -7.527    
0.038  15.1989998169  7.35250034332  -6.457    
0.038  18.5529998169  7.90150034332  -4.619    
0.038  18.7979998169  8.63750034332  -6.004    
0.038  18.4309998169  7.09550034332  -5.981    
-0.204  11.6109998169  12.8995003433  7.125    
0.002  10.7219998169  14.0315003433  6.945    
0.318  11.1329998169  14.9045003433  5.776    
-0.422  11.1489998169  14.4525003433  4.632    
0.204  12.1049998169  12.7325003433  6.441    
0.051  9.81899981689  13.7125003433  6.787    
0.051  10.7199998169  14.5735003433  7.749    
-0.204  14.6079998169  10.6975003433  -1.287    
0.058  13.1509998169  10.6605003433  -1.33    
0.318  12.6239998169  11.4235003433  -2.543    
-0.422  13.2549998169  11.4415003433  -3.6    
-0.038  12.6279998169  9.20950034332  -1.318    
-0.114  11.1039998169  9.19250034332  -1.336    
-0.114  13.1989998169  8.42050034332  -2.492    
0.204  14.9799998169  10.7025003433  -2.062    
0.046  12.8059998169  11.1005003433  -0.537    
0.038  12.9209998169  8.77750034332  -0.501    
0.038  10.7939998169  9.19350034332  -2.255    
0.038  10.7769998169  9.98150034332  -0.877    
0.038  10.7929998169  8.39450034332  -0.88    
0.038  13.8389998169  7.77450034332  -2.154    
0.038  13.6389998169  9.03150034332  -3.102    
0.038  12.4779998169  7.96150034332  -2.949    
-0.204  11.4649998169  12.0525003433  -2.379    
0.058  10.8169998169  12.7755003433  -3.467    
0.318  11.2439998169  14.2405003433  -3.47    
-0.422  11.0389998169  14.9565003433  -2.49    
-0.068  9.29599981689  12.6655003433  -3.339    
-0.214  8.54199981689  13.2815003433  -4.477    
0.059  8.53299981689  12.8645003433  -5.776    
-0.038  7.68199981689  14.4265003433  -4.417    
-0.08  7.72199981689  13.6785003433  -6.529    
0.109  7.18799981689  14.6455003433  -5.718    
-0.081  7.28399981689  15.2875003433  -3.39    
-0.053  6.31599981689  15.6895003433  -6.019    
-0.094  6.41799981689  16.3225003433  -3.691    
-0.053  5.94399981689  16.5145003433  -4.994    
0.204  11.0289998169  12.0755003433  -1.638    
0.046  11.0789998169  12.3815003433  -4.313    
0.034  9.05299981689  11.7275003433  -3.297    
0.034  9.01799981689  13.1125003433  -2.524    
0.056  9.00699981689  12.1345003433  -6.104    
0.179  7.57399981689  13.5945003433  -7.372    
0.058  7.59499981689  15.1665003433  -2.522    
0.053  5.99899981689  15.8195003433  -6.884    
0.052  6.14599981689  16.9015003433  -3.016    
0.053  5.36199981689  17.2195003433  -5.167    
-0.204  11.8369998169  14.6815003433  -4.576    
0.058  12.3209998169  16.0545003433  -4.687    
0.318  13.3639998169  16.1755003433  -5.792    
-0.422  13.5849998169  15.2375003433  -6.558    
-0.076  11.1589998169  17.0165003433  -4.955    
-0.038  10.6549998169  17.1205003433  -6.398    
-0.114  10.3209998169  15.7505003433  -6.962    
-0.114  9.44499981689  18.0385003433  -6.469    
0.204  11.9719998169  14.2045003433  -5.278    
0.046  12.7379998169  16.3125003433  -3.852    
0.038  11.4369998169  17.9055003433  -4.686    
0.038  10.4059998169  16.7395003433  -4.41    
0.038  11.3509998169  17.5095003433  -6.95    
0.038  9.77999981689  15.8595003433  -7.759    
0.038  9.83099981689  15.2495003433  -6.293    
0.038  11.1459998169  15.2905003433  -7.179    
0.038  9.14799981689  18.0995003433  -7.39    
0.038  9.69599981689  18.9175003433  -6.143    
0.038  8.73699981689  17.6715003433  -5.916    
0.394  17.7719998169  4.77150034332  3.194    
-0.653  17.9549998169  5.86850034332  2.624    
-0.242  18.0619998169  4.68350034332  4.663    
-0.585  17.3549998169  3.74450034332  2.616    
0.027  18.2769998169  5.67850034332  5.052    
0.022  18.9269998169  4.03850034332  4.823    
0.037  17.1989998169  4.26450034332  5.181    
-0.408  15.9699998169  13.3795003433  -8.062    
0.204  16.6139998169  12.8455003433  -8.14    
0.204  15.2939998169  12.9915003433  -8.375    
-0.408  16.3599998169  13.8405003433  -4.734    
0.204  16.7249998169  14.4965003433  -5.111    
0.204  16.4979998169  13.1725003433  -5.224    
-0.408  16.3549998169  13.2975003433  -2.558    
0.204  16.3389998169  14.1155003433  -2.369    
0.204  15.7749998169  12.9255003433  -2.077    
-0.408  14.7019998169  14.4835003433  -3.42    
0.204  15.0719998169  15.0205003433  -3.95    
0.204  14.7249998169  13.7275003433  -3.785    
-0.408  15.2509998169  14.1275003433  1.448    
0.204  15.7729998169  13.4695003433  1.418    
0.204  14.4789998169  13.8315003433  1.302    
-0.408  14.6449998169  13.6565003433  -0.621    
0.204  15.0189998169  14.4055003433  -0.69    
0.204  13.8609998169  13.7505003433  -0.909    
-0.408  17.3689998169  8.04050034332  7.602    
0.204  18.0629998169  7.69550034332  7.278    
0.204  16.8399998169  7.41050034332  7.768    
-0.408  21.2509998169  8.43150034332  5.536    
0.204  21.8809998169  7.88150034332  5.605    
0.204  20.5379998169  7.99650034332  5.624    
-0.408  20.2329998169  7.86350034332  3.676    
0.204  20.9069998169  7.36150034332  3.662    
0.204  19.5579998169  7.36450034332  3.686    
-0.408  17.9659998169  5.88550034332  7.987    
0.204  18.6629998169  5.41750034332  7.987    
0.204  17.3159998169  5.35350034332  8.005    
-0.408  8.61699981689  12.7685003433  10.067    
0.204  9.28099981689  12.2595003433  10.142    
0.204  7.93399981689  12.2795003433  10.066    
-0.408  13.6719998169  14.2095003433  7.229    
0.204  14.0979998169  13.5555003433  7.541    
0.204  13.3269998169  14.6085003433  7.883    
-0.408  13.8619998169  14.1435003433  4.652    
0.204  13.9919998169  13.4855003433  5.158    
0.204  13.7889998169  14.8185003433  5.146    
-0.408  15.6439998169  14.6545003433  3.557    
0.204  16.3509998169  14.2095003433  3.645    
0.204  15.0569998169  14.1245003433  3.274    
-0.408  6.25999981689  13.9935003433  -9.061    
0.204  6.90099981689  13.5195003433  -9.324    
0.204  5.57899981689  13.5015003433  -9.058    
-0.408  14.8249998169  13.4605003433  -6.219    
0.204  15.0729998169  14.1815003433  -6.572    
0.204  13.9949998169  13.5185003433  -6.106    
-0.408  15.3979998169  13.6145003433  -10.15    
0.204  16.1009998169  13.1785003433  -10.298    
0.204  14.7689998169  13.1885003433  -10.509    
-0.204  -6.859  10.4635003433  13.8990004578    
0.058  -5.494  9.95950034332  13.8180004578    
0.318  -4.592  10.6925003433  14.8050004578    
-0.422  -5.072  11.3715003433  15.7130004578    
-0.076  -5.464  8.45650034332  14.1050004578    
-0.038  -6.263  7.57450034332  13.1430004578    
-0.114  -5.684  7.64250034332  11.7370004578    
-0.114  -6.299  6.13750034332  13.6400004578    
0.204  -7.345  10.0625003433  14.4840004578    
0.046  -5.148  10.1075003433  12.9240004578    
0.038  -5.819  8.30850034332  14.9950004578    
0.038  -4.542  8.15850034332  14.0730004578    
0.038  -7.176  7.89850034332  13.1050004578    
0.038  -6.163  7.01950034332  11.1690004578    
0.038  -4.744  7.40350034332  11.7720004578    
0.038  -5.784  8.54550034332  11.3980004578    
0.038  -6.806  5.59850034332  13.0120004578    
0.038  -6.724  6.11650034332  14.5120004578    
0.038  -5.391  5.80250034332  13.7060004578    
-0.204  -3.284  10.5495003433  14.6200004578    
0.058  -2.311  11.1915003433  15.4960004578    
0.318  -2.324  12.7045003433  15.3030004578    
-0.422  -3.001  13.2205003433  14.4130004578    
-0.12  -0.92  10.6365003433  15.2380004578    
0.204  -2.932  10.0825003433  13.9900004578    
0.046  -2.544  11.0045003433  16.4190004578    
0.04  -0.29  11.0735003433  15.8330004578    
0.04  -0.926  9.68150034332  15.4060004578    
0.04  -0.677  10.8085003433  14.3150004578    
-0.204  -1.57  13.4075003433  16.1420004578    
0.058  -1.495  14.8625003433  16.0790004578    
0.318  -1.732  15.4485003433  17.4660004578    
-0.422  -1.11  15.0285003433  18.4420004578    
-0.038  -0.144  15.3245003433  15.5040004578    
-0.114  0.126  14.6385003433  14.1690004578    
-0.114  -0.119  16.8455003433  15.3600004578    
0.204  -1.087  13.0615003433  16.7630004578    
0.046  -2.195  15.1915003433  15.4950004578    
0.038  0.563  15.0715003433  16.1180004578    
0.038  0.702  15.1995003433  13.6270004578    
0.038  -0.718  14.4915003433  13.7130004578    
0.038  0.565  13.7905003433  14.3370004578    
0.038  0.541  17.2075003433  15.9730004578    
0.038  -0.996  17.1995003433  15.5740004578    
0.038  0.114  17.0815003433  14.4490004578    
-0.204  -1.545  13.2235003433  21.4440004578    
0.058  -2.029  11.8505003433  21.3330004578    
0.318  -3.072  11.7295003433  20.2280004578    
-0.422  -3.293  12.6675003433  19.4620004578    
-0.076  -0.867  10.8885003433  21.0650004578    
-0.038  -0.363  10.7845003433  19.6220004578    
-0.114  -0.029  12.1545003433  19.0580004578    
-0.114  0.847  9.86650034332  19.5510004578    
0.204  -1.68  13.7005003433  20.7420004578    
0.046  -2.446  11.5925003433  22.1680004578    
0.038  -1.145  9.99950034332  21.3340004578    
0.038  -0.114  11.1655003433  21.6100004578    
0.038  -1.059  10.3955003433  19.0700004578    
0.038  0.512  12.0455003433  18.2610004578    
0.038  0.461  12.6555003433  19.7270004578    
0.038  -0.854  12.6145003433  18.8410004578    
0.038  1.144  9.80550034332  18.6300004578    
0.038  0.596  8.98750034332  19.8770004578    
0.038  1.555  10.2335003433  20.1040004578    
-0.204  -3.712  10.5665003433  20.1530004578    
0.058  -4.715  10.3065003433  19.1270004578    
0.318  -6.054  10.9325003433  19.5020004578    
-0.422  -6.448  10.9235003433  20.6680004578    
-0.068  -4.884  8.80050034332  18.9160004578    
-0.214  -3.665  8.12850034332  18.3650004578    
0.059  -3.34  7.96650034332  17.0500004578    
-0.038  -2.606  7.52150034332  19.1170004578    
-0.08  -2.145  7.29950034332  16.9360004578    
0.109  -1.674  7.01450034332  18.1910004578    
-0.081  -2.357  7.35950034332  20.4830004578    
-0.053  -0.511  6.35650034332  18.5870004578    
-0.094  -1.202  6.70550034332  20.8740004578    
-0.053  -0.294  6.21250034332  19.9290004578    
0.204  -3.582  9.90750034332  20.6890004578    
0.046  -4.422  10.6985003433  18.2900004578    
0.034  -5.093  8.38650034332  19.7680004578    
0.034  -5.611  8.65250034332  18.2910004578    
0.056  -3.853  8.26650034332  16.3350004578    
0.179  -1.755  7.09350034332  16.1970004578    
0.058  -2.955  7.68450034332  21.1170004578    
0.053  0.094  6.02750034332  17.9620004578    
0.052  -1.025  6.59150034332  21.7800004578    
0.053  0.474  5.77750034332  20.2210004578    
0.394  -1.742  11.5845003433  11.7850004578    
-0.653  -0.935  12.3725003433  12.3230004578    
-0.242  -1.803  11.5525003433  10.2860004578    
-0.585  -2.498  10.8175003433  12.4190004578    
0.027  -0.998  12.1625003433  9.87600045776    
0.022  -2.762  11.9505003433  9.95500045776    
0.037  -1.698  10.5245003433  9.93900045776    
-0.408  -5.678  14.5255003433  17.9580004578    
0.204  -6.322  15.0595003433  17.8800004578    
0.204  -5.002  14.9135003433  17.6450004578    
-0.408  -4.41  13.4215003433  22.6000004578    
0.204  -4.78  12.8845003433  22.0700004578    
0.204  -4.433  14.1775003433  22.2350004578    
-0.408  4.032  13.9115003433  16.9590004578    
0.204  3.391  14.3855003433  16.6960004578    
0.204  4.713  14.4035003433  16.9620004578    
-0.408  -4.533  14.4445003433  19.8010004578    
0.204  -4.781  13.7235003433  19.4480004578    
0.204  -3.703  14.3865003433  19.9140004578    
-0.408  -5.106  14.2905003433  15.8700004578    
0.204  -5.809  14.7265003433  15.7220004578    
0.204  -4.477  14.7165003433  15.5110004578    
-0.408  -6.204  14.1865003433  13.9880004578    
0.204  -6.421  14.7515003433  13.4050004578    
0.204  -5.719  13.6165003433  13.6050004578    
-0.204  5.94299981689  3.247  26.9100004578    
0.058  7.34699981689  2.847  26.9240004578    
0.318  7.71099981689  2.008  25.7030004578    
-0.422  6.85899981689  1.695  24.8720004578    
-0.076  8.25399981689  4.081  26.9920004578    
-0.038  8.48899981689  4.85  25.6880004578    
-0.114  7.17499981689  5.239  25.0280004578    
-0.114  9.34099981689  6.082  25.9480004578    
0.204  5.57199981689  3.203  26.1360004578    
0.046  7.51299981689  2.309  27.7120004578    
0.038  9.12299981689  3.798  27.3170004578    
0.038  7.86599981689  4.706  27.6250004578    
0.038  8.97499981689  4.283  25.0690004578    
0.038  7.35799981689  5.845  24.2930004578    
0.038  6.61099981689  5.675  25.6850004578    
0.038  6.73799981689  4.439  24.6980004578    
0.038  9.47999981689  6.552  25.1110004578    
0.038  10.1939998169  5.803  26.3170004578    
0.038  8.87999981689  6.658  26.5780004578    
-0.204  8.98599981689  1.645  25.6090004578    
0.058  9.49099981689  0.855  24.4910004578    
0.318  8.80099981689  -0.503  24.4040004578    
-0.422  7.96699981689  -0.843  25.2430004578    
-0.068  11.0039998169  0.66  24.6240004578    
-0.214  11.7969998169  1.911  24.4020004578    
0.059  12.2009998169  2.804  25.3510004578    
-0.038  12.2949998169  2.402  23.1520004578    
-0.08  12.9129998169  3.824  24.7690004578    
0.109  12.9859998169  3.6  23.4190004578    
-0.081  12.2219998169  1.945  21.8320004578    
-0.053  13.5989998169  4.348  22.4160004578    
-0.094  12.8319998169  2.689  20.8380004578    
-0.053  13.5109998169  3.877  21.1350004578    
0.204  9.58799981689  1.847  26.1890004578    
0.046  9.31999981689  1.334  23.6650004578    
0.034  11.1999998169  0.34  25.5180004578    
0.034  11.2959998169  0.007  23.9690004578    
0.056  12.0169998169  2.735  26.2600004578    
0.179  13.2579998169  4.494  25.1840004578    
0.058  11.7719998169  1.158  21.6270004578    
0.053  14.0519998169  5.137  22.6100004578    
0.052  12.7889998169  2.396  19.9560004578    
0.053  13.9109998169  4.356  20.4460004578    
-0.204  3.78299981689  -2.328  20.2630004578    
0.058  2.98599981689  -1.142  19.9720004578    
0.318  1.69499981689  -1.525  19.2570004578    
-0.422  1.57199981689  -2.624  18.7150004578    
-0.12  3.78599981689  -0.159  19.1330004578    
-0.422  0.743999816895  -0.745  19.2040004578    
0.204  3.61599981689  -2.996  19.7470004578    
0.046  2.75099981689  -0.707  20.8050004578    
0.04  3.23399981689  0.615  18.9430004578    
0.04  4.57499981689  0.11  19.6300004578    
0.04  4.04699981689  -0.591  18.3050004578    
-0.414  6.97299981689  -2.7  16.7150004578    
-0.007  7.93899981689  -2.901  17.7650004578    
0.375  8.94499981689  -1.75  17.7640004578    
-0.594  9.67799981689  -1.471  16.8110004578    
-0.042  8.71699981689  -4.236  17.6310004578    
-0.153  9.35399981689  -4.589  18.9590004578    
-0.152  7.80399981689  -5.357  17.1850004578    
0.357  5.61999981689  -2.917  16.8590004578    
-0.423  5.08899981689  -3.308  17.9100004578    
0.209  7.33099981689  -2.386  15.8440004578    
0.088  7.40299981689  -2.9  18.7650004578    
0.052  9.52799981689  -4.097  16.8630004578    
0.047  9.94899981689  -5.53  18.8710004578    
0.01  8.56099981689  -4.742  19.7310004578    
0.1  10.0349998169  -3.773  19.3060004578    
0.044  8.27199981689  -6.351  17.3850004578    
0.04  7.57899981689  -5.282  16.0950004578    
0.023  6.83799981689  -5.303  17.7440004578    
0.043  5.03899981689  -2.691  15.9340004578    
-0.204  8.97299981689  -1.053  18.8950004578    
0.002  9.86199981689  0.079  19.0750004578    
0.318  9.45099981689  0.952  20.2440004578    
-0.422  9.43499981689  0.5  21.3880004578    
0.204  8.47899981689  -1.22  19.5790004578    
0.051  10.7649998169  -0.24  19.2330004578    
0.051  9.86399981689  0.621  18.2710004578    
-0.204  9.11599981689  2.206  19.9530004578    
0.058  8.67699981689  3.144  20.9810004578    
0.318  7.21899981689  3.535  20.7630004578    
-0.422  6.70299981689  3.447  19.6480004578    
-0.12  9.56199981689  4.381  20.9880004578    
0.204  9.13599981689  2.541  19.1620004578    
0.046  8.74599981689  2.723  21.8520004578    
0.04  9.23899981689  4.995  21.6650004578    
0.04  10.4729998169  4.116  21.1890004578    
0.04  9.52499981689  4.802  20.1150004578    
-0.204  6.56299981689  3.967  21.8350004578    
0.058  5.16199981689  4.367  21.7750004578    
0.318  4.36399981689  3.648  22.8560004578    
-0.422  4.93399981689  3.019  23.7460004578    
-0.076  5.03499981689  5.882  21.9440004578    
-0.038  5.68799981689  6.718  20.8410004578    
-0.114  4.95999981689  6.523  19.5190004578    
-0.114  5.72399981689  8.189  21.2230004578    
0.204  6.91199981689  4.039  22.6170004578    
0.046  4.79099981689  4.123  20.9130004578    
0.038  5.44899981689  6.133  22.7840004578    
0.038  4.09299981689  6.111  21.9650004578    
0.038  6.60299981689  6.42  20.7220004578    
0.038  5.28999981689  7.172  18.8780004578    
0.038  4.00899981689  6.653  19.6610004578    
0.038  5.12599981689  5.623  19.1970004578    
0.038  6.25399981689  8.672  20.5700004578    
0.038  6.12299981689  8.277  22.1030004578    
0.038  4.81699981689  8.534  21.2340004578    
-0.204  3.04099981689  3.744  22.7750004578    
0.058  2.16799981689  3.062  23.7230004578    
0.318  2.09299981689  1.576  23.3890004578    
-0.422  2.21699981689  1.188  22.2280004578    
-0.12  0.780999816895  3.682  23.7120004578    
0.204  2.62199981689  4.2  22.1780004578    
0.046  2.53399981689  3.153  24.6160004578    
0.04  0.219999816895  3.213  24.3490004578    
0.04  0.851999816895  4.618  23.9580004578    
0.04  0.406999816895  3.602  22.8200004578    
0.394  2.81199981689  -9.181  22.8260004578    
-0.653  2.62899981689  -8.084  23.3960004578    
-0.242  2.52199981689  -9.269  21.3570004578    
-0.585  3.22899981689  -10.208  23.4040004578    
0.027  2.30699981689  -8.274  20.9680004578    
0.022  1.65699981689  -9.914  21.1970004578    
0.037  3.38499981689  -9.688  20.8390004578    
0.394  1.15099981689  2.833  19.6910004578    
-0.653  0.427999816895  1.976  20.2440004578    
-0.242  1.19899981689  2.854  18.1920004578    
-0.585  1.83199981689  3.679  20.3120004578    
0.027  0.454999816895  2.163  17.7960004578    
0.022  0.988999816895  3.862  17.8340004578    
0.037  2.18999981689  2.547  17.8570004578    
-0.408  5.33299981689  0.175  24.5720004578    
0.204  4.81099981689  -0.483  24.6020004578    
0.204  6.10499981689  -0.121  24.7180004578    
-0.408  5.93899981689  -0.296  26.6410004578    
0.204  5.56499981689  0.453  26.7100004578    
0.204  6.72299981689  -0.202  26.9290004578    
-0.408  3.21499981689  -5.912  18.4180004578    
0.204  2.52099981689  -6.257  18.7420004578    
0.204  3.74399981689  -6.542  18.2520004578    
-0.408  -0.667000183105  -5.521  20.4840004578    
0.204  -1.29700018311  -6.071  20.4150004578    
0.204  0.0459998168945  -5.956  20.3960004578    
-0.408  0.350999816895  -6.089  22.3440004578    
0.204  -0.323000183105  -6.591  22.3580004578    
0.204  1.02599981689  -6.588  22.3340004578    
-0.408  2.61799981689  -8.067  18.0330004578    
0.204  1.92099981689  -8.535  18.0330004578    
0.204  3.26799981689  -8.599  18.0150004578    
-0.408  11.9669998169  -1.184  15.9530004578    
0.204  11.3029998169  -1.693  15.8780004578    
0.204  12.6499998169  -1.673  15.9540004578    
-0.408  5.75699981689  2.027  18.4000004578    
0.204  4.93599981689  2.2  18.3770004578    
0.204  5.93499981689  1.797  19.1880004578    
-0.408  6.91199981689  0.257  18.7910004578    
0.204  6.48599981689  -0.397  18.4790004578    
0.204  7.25699981689  0.656  18.1370004578    
-0.408  6.72199981689  0.191  21.3680004578    
0.204  6.59199981689  -0.467  20.8620004578    
0.204  6.79499981689  0.866  20.8740004578    
-0.408  4.93999981689  0.702  22.4630004578    
0.204  4.23299981689  0.257  22.3750004578    
0.204  5.52699981689  0.172  22.7460004578    
-0.204  -5.94299981689  -10.7055003433  -0.89    
0.058  -7.34699981689  -11.1055003433  -0.904    
0.318  -7.71099981689  -11.9445003433  0.317    
-0.422  -6.85899981689  -12.2575003433  1.148    
-0.076  -8.25399981689  -9.87150034332  -0.972    
-0.038  -8.48899981689  -9.10250034332  0.332    
-0.114  -7.17499981689  -8.71350034332  0.992    
-0.114  -9.34099981689  -7.87050034332  0.072    
0.204  -5.57199981689  -10.7495003433  -0.116    
0.046  -7.51299981689  -11.6435003433  -1.692    
0.038  -9.12299981689  -10.1545003433  -1.297    
0.038  -7.86599981689  -9.24650034332  -1.605    
0.038  -8.97499981689  -9.66950034332  0.951    
0.038  -7.35799981689  -8.10750034332  1.727    
0.038  -6.61099981689  -8.27750034332  0.335    
0.038  -6.73799981689  -9.51350034332  1.322    
0.038  -9.47999981689  -7.40050034332  0.909    
0.038  -10.1939998169  -8.14950034332  -0.297    
0.038  -8.87999981689  -7.29450034332  -0.558    
-0.204  -3.78299981689  -16.2805003433  5.757    
0.058  -2.98599981689  -15.0945003433  6.048    
0.318  -1.69499981689  -15.4775003433  6.763    
-0.422  -1.57199981689  -16.5765003433  7.305    
-0.12  -3.78599981689  -14.1115003433  6.887    
-0.422  -0.743999816895  -14.6975003433  6.816    
0.204  -3.61599981689  -16.9485003433  6.273    
0.046  -2.75099981689  -14.6595003433  5.215    
0.04  -3.23399981689  -13.3375003433  7.077    
0.04  -4.57499981689  -13.8425003433  6.39    
0.04  -4.04699981689  -14.5435003433  7.715    
-0.204  -9.11599981689  -11.7465003433  6.067    
0.058  -8.67699981689  -10.8085003433  5.039    
0.318  -7.21899981689  -10.4175003433  5.257    
-0.422  -6.70299981689  -10.5055003433  6.372    
-0.12  -9.56199981689  -9.57150034332  5.032    
0.204  -9.13599981689  -11.4115003433  6.858    
0.046  -8.74599981689  -11.2295003433  4.168    
0.04  -9.23899981689  -8.95750034332  4.355    
0.04  -10.4729998169  -9.83650034332  4.831    
0.04  -9.52499981689  -9.15050034332  5.905    
-0.204  -1.89099981689  -13.2025003433  1.609    
0.058  -1.79899981689  -14.6465003433  1.795    
0.318  -2.36899981689  -15.3665003433  0.578    
-0.422  -2.04899981689  -15.0285003433  -0.562    
0.204  -1.80299981689  -12.9495003433  0.792    
-0.038  -0.346999816895  -15.0835003433  2.072    
-0.114  -0.296999816895  -16.5545003433  2.48    
-0.114  0.534000183105  -14.8145003433  0.853    
0.046  -2.33499981689  -14.8965003433  2.564    
0.038  0.00100018310547  -14.5595003433  2.81    
0.038  0.261000183105  -17.0455003433  1.857    
0.038  -1.19699981689  -16.9165003433  2.473    
0.038  0.0750001831055  -16.6175003433  3.373    
0.038  1.42900018311  -14.5945003433  1.156    
0.038  0.164000183105  -14.0715003433  0.352    
0.038  0.562000183105  -15.6065003433  0.294    
-0.204  -6.57999981689  -10.5665003433  -5.867    
0.058  -5.57699981689  -10.3065003433  -6.893    
0.318  -4.23799981689  -10.9325003433  -6.518    
-0.422  -3.84399981689  -10.9235003433  -5.352    
-0.068  -5.40799981689  -8.80050034332  -7.104    
-0.214  -6.62699981689  -8.12850034332  -7.655    
0.059  -6.95199981689  -7.96650034332  -8.97    
-0.038  -7.68599981689  -7.52150034332  -6.903    
-0.08  -8.14699981689  -7.29950034332  -9.084    
0.109  -8.61799981689  -7.01450034332  -7.829    
-0.081  -7.93499981689  -7.35950034332  -5.537    
-0.053  -9.78099981689  -6.35650034332  -7.433    
-0.094  -9.08999981689  -6.70550034332  -5.146    
-0.053  -9.99799981689  -6.21250034332  -6.091    
0.204  -6.70999981689  -9.90750034332  -5.331    
0.046  -5.86999981689  -10.6985003433  -7.73    
0.034  -5.19899981689  -8.38650034332  -6.252    
0.034  -4.68099981689  -8.65250034332  -7.729    
0.056  -6.43899981689  -8.26650034332  -9.685    
0.179  -8.53699981689  -7.09350034332  -9.823    
0.058  -7.33699981689  -7.68450034332  -4.903    
0.053  -10.3859998169  -6.02750034332  -8.058    
0.052  -9.26699981689  -6.59150034332  -4.24    
0.053  -10.7659998169  -5.77750034332  -5.799    
-0.204  -3.54399981689  -11.4755003433  -7.512    
0.058  -2.22699981689  -12.0615003433  -7.296    
0.318  -1.90399981689  -13.0725003433  -8.391    
-0.422  -2.67199981689  -13.2455003433  -9.337    
0.204  -3.81599981689  -11.5165003433  -8.327    
-0.076  -1.15199981689  -10.9705003433  -7.255    
-0.038  -0.865999816895  -10.2025003433  -8.551    
-0.114  -2.05699981689  -9.35750034332  -8.979    
-0.114  0.372000183105  -9.33350034332  -8.386    
0.046  -2.22099981689  -12.5255003433  -6.444    
0.038  -0.317999816895  -11.3825003433  -6.98    
0.038  -1.41599981689  -10.3155003433  -6.59    
0.038  -0.683999816895  -10.8375003433  -9.261    
0.038  -1.75999981689  -8.69950034332  -9.627    
0.038  -2.42299981689  -8.91150034332  -8.199    
0.038  -2.72799981689  -9.93350034332  -9.376    
0.038  0.537000183105  -8.85850034332  -9.215    
0.038  1.12800018311  -9.90050034332  -8.172    
0.038  0.219000183105  -8.70050034332  -7.667    
-0.204  -0.760999816895  -13.7385003433  -8.255    
0.058  -0.324999816895  -14.7205003433  -9.24    
0.318  -1.08299981689  -16.0335003433  -9.079    
-0.422  -1.41399981689  -16.4395003433  -7.964    
-0.068  1.17900018311  -14.9725003433  -9.12    
-0.214  2.02000018311  -13.8025003433  -9.527    
0.059  2.44800018311  -13.4985003433  -10.786    
-0.038  2.54200018311  -12.7805003433  -8.669    
-0.08  3.20200018311  -12.3505003433  -10.766    
0.109  3.27500018311  -11.8905003433  -9.478    
-0.081  2.46100018311  -12.5325003433  -7.295    
-0.053  3.92100018311  -10.7695003433  -8.96    
-0.094  3.10300018311  -11.4195003433  -6.783    
-0.053  3.82400018311  -10.5525003433  -7.613    
0.204  -0.216999816895  -13.6375003433  -7.596    
0.046  -0.503999816895  -14.3775003433  -10.13    
0.034  1.38900018311  -15.1815003433  -8.197    
0.034  1.41700018311  -15.7205003433  -9.689    
0.056  2.25600018311  -13.9965003433  -11.548    
0.179  3.56800018311  -11.9815003433  -11.451    
0.058  1.98400018311  -13.1035003433  -6.737    
0.053  4.40100018311  -10.1925003433  -9.509    
0.052  3.05500018311  -11.2435003433  -5.871    
0.053  4.24600018311  -9.81150034332  -7.241    
0.394  -6.67499981689  -1.91750034332  -2.206    
-0.653  -6.71499981689  -1.55050034332  -3.4    
-0.242  -5.82599981689  -1.12750034332  -1.255    
-0.585  -7.30299981689  -2.89950034332  -1.755    
0.027  -5.45899981689  -0.230500343323  -1.755    
0.022  -6.41899981689  -0.843500343323  -0.386    
0.037  -4.97799981689  -1.73350034332  -0.936    
-0.408  -4.22399981689  -14.0645003433  -4.734    
0.204  -3.85899981689  -13.4085003433  -5.111    
0.204  -4.08599981689  -14.7325003433  -5.224    
-0.408  -4.22899981689  -14.6075003433  -2.558    
0.204  -4.24499981689  -13.7895003433  -2.369    
0.204  -4.80899981689  -14.9795003433  -2.077    
-0.408  -5.88199981689  -13.4215003433  -3.42    
0.204  -5.51199981689  -12.8845003433  -3.95    
0.204  -5.85899981689  -14.1775003433  -3.785    
-0.408  -5.33299981689  -13.7775003433  1.448    
0.204  -4.81099981689  -14.4355003433  1.418    
0.204  -6.10499981689  -14.0735003433  1.302    
-0.408  -5.93899981689  -14.2485003433  -0.621    
0.204  -5.56499981689  -13.4995003433  -0.69    
0.204  -6.72299981689  -14.1545003433  -0.909    
-0.408  0.667000183105  -19.4735003433  5.536    
0.204  1.29700018311  -20.0235003433  5.605    
0.204  -0.0459998168945  -19.9085003433  5.624    
-0.408  -0.350999816895  -20.0415003433  3.676    
0.204  0.323000183105  -20.5435003433  3.662    
0.204  -1.02599981689  -20.5405003433  3.686    
-0.408  -5.75699981689  -11.9255003433  7.62    
0.204  -4.93599981689  -11.7525003433  7.643    
0.204  -5.93499981689  -12.1555003433  6.832    
-0.408  -6.91199981689  -13.6955003433  7.229    
0.204  -6.48599981689  -14.3495003433  7.541    
0.204  -7.25699981689  -13.2965003433  7.883    
-0.408  -6.72199981689  -13.7615003433  4.652    
0.204  -6.59199981689  -14.4195003433  5.158    
0.204  -6.79499981689  -13.0865003433  5.146    
-0.408  -4.93999981689  -13.2505003433  3.557    
0.204  -4.23299981689  -13.6955003433  3.645    
0.204  -5.52699981689  -13.7805003433  3.274    
-0.408  -6.25999981689  0.041  -16.9590004578    
0.204  -6.90099981689  -0.433  -16.6960004578    
0.204  -5.57899981689  -0.451  -16.9620004578    
-0.204  -12.0579996338  2.318  14.765    
0.002  -11.2169996338  1.142  14.63    
0.318  -11.6619996338  0.225  13.508    
-0.422  -12.1709996338  0.681  12.484    
0.204  -12.2619996338  2.688  14.016    
0.051  -10.3039996338  1.419  14.454    
0.051  -11.2279996338  0.636  15.457    
-0.204  -12.3919996338  3.04  4.615    
0.058  -11.7619996338  2.311  3.519    
0.318  -11.6649996338  0.825  3.849    
-0.422  -11.5159996338  0.448  5.011    
-0.068  -10.3659996338  2.869  3.22    
-0.214  -9.37199963379  2.669  4.328    
0.059  -8.63799963379  1.545  4.578    
-0.038  -8.98799963379  3.626  5.323    
-0.08  -7.83099963379  1.739  5.672    
0.109  -8.02499963379  3.009  6.147    
-0.081  -9.36599963379  4.943  5.6    
-0.053  -7.43799963379  3.663  7.228    
-0.094  -8.78299963379  5.59  6.674    
-0.053  -7.82899963379  4.95  7.475    
0.204  -11.8609996338  3.228  5.264    
0.046  -12.2999996338  2.407  2.719    
0.034  -10.0179996338  2.43  2.428    
0.034  -10.4409996338  3.823  3.059    
0.056  -8.68399963379  0.759  4.083    
0.179  -7.28899963379  1.159  6.003    
0.058  -9.99999963379  5.374  5.074    
0.053  -6.80399963379  3.241  7.762    
0.052  -9.02799963379  6.466  6.868    
0.053  -7.45299963379  5.41  8.19    
-0.204  -13.3329996338  -3.744  -3.245    
0.058  -12.4599996338  -3.062  -2.297    
0.318  -12.3849996338  -1.576  -2.631    
-0.422  -12.5089996338  -1.188  -3.792    
-0.12  -11.0729996338  -3.682  -2.308    
0.204  -12.9139996338  -4.2  -3.842    
0.046  -12.8259996338  -3.153  -1.404    
0.04  -10.5119996338  -3.213  -1.671    
0.04  -11.1439996338  -4.618  -2.062    
0.04  -10.6989996338  -3.602  -3.2    
-0.204  -13.8359996338  -2.477  7.512    
0.058  -12.5189996338  -1.891  7.296    
0.318  -12.1959996338  -0.88  8.391    
-0.422  -12.9639996338  -0.707  9.337    
0.204  -14.1079996338  -2.436  8.327    
-0.076  -11.4439996338  -2.982  7.255    
-0.038  -11.1579996338  -3.75  8.551    
-0.114  -12.3489996338  -4.595  8.979    
-0.114  -9.91999963379  -4.619  8.386    
0.046  -12.5129996338  -1.427  6.444    
0.038  -10.6099996338  -2.57  6.98    
0.038  -11.7079996338  -3.637  6.59    
0.038  -10.9759996338  -3.115  9.261    
0.038  -12.0519996338  -5.253  9.627    
0.038  -12.7149996338  -5.041  8.199    
0.038  -13.0199996338  -4.019  9.376    
0.038  -9.75499963379  -5.094  9.215    
0.038  -9.16399963379  -4.052  8.172    
0.038  -10.0729996338  -5.252  7.667    
0.394  -11.4429996338  -2.833  -6.329    
-0.653  -10.7199996338  -1.976  -5.776    
-0.242  -11.4909996338  -2.854  -7.828    
-0.585  -12.1239996338  -3.679  -5.708    
0.027  -10.7469996338  -2.163  -8.224    
0.022  -11.2809996338  -3.862  -8.186    
0.037  -12.4819996338  -2.547  -8.163    
-0.408  -8.09899963379  3.22  17.52    
0.204  -7.28099963379  3.16  17.701    
0.204  -8.23699963379  4.011  17.276    
-0.408  -9.62499963379  5.521  -5.536    
0.204  -8.99499963379  6.071  -5.605    
0.204  -10.3379996338  5.956  -5.624    
-0.204  -5.34199981689  10.1975003433  -5.974    
0.058  -3.94199981689  9.83950034332  -5.789    
0.318  -3.38899981689  10.5845003433  -4.578    
-0.422  -4.12099981689  10.8605003433  -3.627    
0.204  -5.80299981689  10.1845003433  -5.248    
-0.038  -3.77799981689  8.31950034332  -5.617    
-0.114  -4.48699981689  7.57750034332  -6.747    
-0.114  -2.29899981689  7.95150034332  -5.55    
0.046  -3.43399981689  10.1135003433  -6.568    
0.038  -4.18999981689  8.05150034332  -4.78    
0.038  -4.00199981689  6.76550034332  -6.959    
0.038  -4.52499981689  8.15250034332  -7.527    
0.038  -5.38499981689  7.35250034332  -6.457    
0.038  -2.03099981689  7.90150034332  -4.619    
0.038  -1.78599981689  8.63750034332  -6.004    
0.038  -2.15299981689  7.09550034332  -5.981    
-0.204  -2.09999981689  10.9125003433  -4.615    
0.058  -1.46999981689  11.6415003433  -3.519    
0.318  -1.37299981689  13.1275003433  -3.849    
-0.422  -1.22399981689  13.5045003433  -5.011    
-0.068  -0.0739998168945  11.0835003433  -3.22    
-0.214  0.920000183105  11.2835003433  -4.328    
0.059  1.65400018311  12.4075003433  -4.578    
-0.038  1.30400018311  10.3265003433  -5.323    
-0.08  2.46100018311  12.2135003433  -5.672    
0.109  2.26700018311  10.9435003433  -6.147    
-0.081  0.926000183105  9.00950034332  -5.6    
-0.053  2.85400018311  10.2895003433  -7.228    
-0.094  1.50900018311  8.36250034332  -6.674    
-0.053  2.46300018311  9.00250034332  -7.475    
0.204  -1.56899981689  10.7245003433  -5.264    
0.046  -2.00799981689  11.5455003433  -2.719    
0.034  0.274000183105  11.5225003433  -2.428    
0.034  -0.148999816895  10.1295003433  -3.059    
0.056  1.60800018311  13.1935003433  -4.083    
0.179  3.00300018311  12.7935003433  -6.003    
0.058  0.292000183105  8.57850034332  -5.074    
0.053  3.48800018311  10.7115003433  -7.762    
0.052  1.26400018311  7.48650034332  -6.868    
0.053  2.83900018311  8.54250034332  -8.19    
-0.204  -1.45799981689  13.9655003433  -2.82    
0.058  -1.31699981689  15.4065003433  -2.996    
0.318  -2.24199981689  16.1795003433  -2.061    
-0.422  -2.26799981689  15.9375003433  -0.855    
-0.076  0.135000183105  15.8255003433  -2.752    
-0.038  0.442000183105  17.3225003433  -2.845    
-0.114  1.91700018311  17.5795003433  -2.578    
-0.114  0.0370001831055  17.8805003433  -4.201    
0.204  -1.59799981689  13.7235003433  -2.007    
0.046  -1.54999981689  15.6395003433  -3.908    
0.038  0.694000183105  15.3765003433  -3.406    
0.038  0.389000183105  15.5345003433  -1.862    
0.038  -0.0669998168945  17.7925003433  -2.166    
0.038  2.08800018311  18.5315003433  -2.642    
0.038  2.44400018311  17.1035003433  -3.239    
0.038  2.13700018311  17.2615003433  -1.688    
0.038  0.335000183105  18.8015003433  -4.264    
0.038  -0.927999816895  17.8385003433  -4.285    
0.038  0.455000183105  17.3495003433  -4.897    
-0.204  -6.52899981689  10.4525003433  3.632    
0.058  -5.42999981689  10.2945003433  4.579    
0.318  -4.67999981689  11.6075003433  4.777    
-0.422  -4.90799981689  12.5805003433  4.058    
-0.068  -4.45999981689  9.21050034332  4.105    
-0.214  -5.04399981689  7.83050034332  4.108    
0.059  -5.12899981689  6.97950034332  5.171    
-0.038  -5.61199981689  7.13550034332  2.992    
-0.08  -5.72199981689  5.80050034332  4.788    
0.109  -6.02699981689  5.87050034332  3.455    
-0.081  -5.81299981689  7.46050034332  1.647    
-0.053  -6.63099981689  4.93150034332  2.621    
-0.094  -6.41299981689  6.52650034332  0.821    
-0.053  -6.81499981689  5.27850034332  1.311    
0.204  -6.45899981689  9.96050034332  2.93    
0.046  -5.78999981689  10.0215003433  5.438    
0.034  -4.18399981689  9.41250034332  3.197    
0.034  -3.68599981689  9.20550034332  4.689    
0.056  -4.83199981689  7.17150034332  6.032    
0.179  -5.87499981689  5.12850034332  5.302    
0.058  -5.54999981689  8.28850034332  1.314    
0.053  -6.89899981689  4.10150034332  2.943    
0.052  -6.55199981689  6.73250034332  -0.076    
0.053  -7.21599981689  4.67050034332  0.732    
-0.204  -1.89099981689  14.7025003433  1.609    
0.058  -1.79899981689  13.2585003433  1.795    
0.318  -2.36899981689  12.5385003433  0.578    
-0.422  -2.04899981689  12.8765003433  -0.562    
0.204  -1.80299981689  14.9555003433  0.792    
-0.038  -0.346999816895  12.8215003433  2.072    
-0.114  -0.296999816895  11.3505003433  2.48    
-0.114  0.534000183105  13.0905003433  0.853    
0.046  -2.33499981689  13.0085003433  2.564    
0.038  0.00100018310547  13.3455003433  2.81    
0.038  0.261000183105  10.8595003433  1.857    
0.038  -1.19699981689  10.9885003433  2.473    
0.038  0.0750001831055  11.2875003433  3.373    
0.038  1.42900018311  13.3105003433  1.156    
0.038  0.164000183105  13.8335003433  0.352    
0.038  0.562000183105  12.2985003433  0.294    
-0.204  -3.21699981689  11.5455003433  0.829    
0.058  -3.78899981689  10.7305003433  -0.236    
0.318  -5.31099981689  10.7205003433  -0.136    
-0.422  -5.86899981689  10.7345003433  0.961    
-0.038  -3.23199981689  9.29450034332  -0.189    
-0.114  -3.89199981689  8.42750034332  -1.25    
-0.114  -1.71999981689  9.30550034332  -0.365    
0.204  -3.47899981689  11.3215003433  1.617    
0.046  -3.55199981689  11.1135003433  -1.094    
0.038  -3.42899981689  8.90750034332  0.679    
0.038  -3.37399981689  7.61550034332  -1.359    
0.038  -4.79399981689  8.20850034332  -0.968    
0.038  -3.91399981689  8.91850034332  -2.086    
0.038  -1.39699981689  8.39050034332  -0.376    
0.038  -1.50399981689  9.74250034332  -1.204    
0.038  -1.31899981689  9.78950034332  0.373    
-0.204  -0.760999816895  14.1665003433  -8.255    
0.058  -0.324999816895  13.1845003433  -9.24    
0.318  -1.08299981689  11.8715003433  -9.079    
-0.422  -1.41399981689  11.4655003433  -7.964    
-0.068  1.17900018311  12.9325003433  -9.12    
-0.214  2.02000018311  14.1025003433  -9.527    
0.059  2.44800018311  14.4065003433  -10.786    
-0.038  2.54200018311  15.1245003433  -8.669    
-0.08  3.20200018311  15.5545003433  -10.766    
0.109  3.27500018311  16.0145003433  -9.478    
-0.081  2.46100018311  15.3725003433  -7.295    
-0.053  3.92100018311  17.1355003433  -8.96    
-0.094  3.10300018311  16.4855003433  -6.783    
-0.053  3.82400018311  17.3525003433  -7.613    
0.204  -0.216999816895  14.2675003433  -7.596    
0.046  -0.503999816895  13.5275003433  -10.13    
0.034  1.38900018311  12.7235003433  -8.197    
0.034  1.41700018311  12.1845003433  -9.689    
0.056  2.25600018311  13.9085003433  -11.548    
0.179  3.56800018311  15.9235003433  -11.451    
0.058  1.98400018311  14.8015003433  -6.737    
0.053  4.40100018311  17.7125003433  -9.509    
0.052  3.05500018311  16.6615003433  -5.871    
0.053  4.24600018311  18.0935003433  -7.241    
-0.204  -1.35099981689  11.2135003433  -10.202    
0.318  -3.02599981689  9.86250034332  -11.372    
-0.422  -2.66599981689  10.1735003433  -12.507    
0.204  -1.13399981689  11.4895003433  -10.986    
0.058  -2.04999981689  9.93250034332  -10.203    
-0.076  -1.04199981689  8.78450034332  -10.296    
-0.038  -1.61599981689  7.37450034332  -10.456    
-0.114  -0.495999816895  6.34950034332  -10.535    
-0.114  -2.56499981689  7.04350034332  -9.317    
0.046  -2.55099981689  9.83650034332  -9.378    
0.038  -0.505999816895  8.78550034332  -9.487    
0.038  -0.466999816895  8.94750034332  -11.06    
0.038  -2.11699981689  7.32850034332  -11.285    
0.038  -0.881999816895  5.47150034332  -10.68    
0.038  -0.00099981689453  6.36050034332  -9.701    
0.038  0.0910001831055  6.58050034332  -11.272    
0.038  -2.84799981689  6.11950034332  -9.402    
0.038  -3.33499981689  7.63150034332  -9.368    
0.038  -2.10399981689  7.17250034332  -8.474    
-0.204  -4.25799981689  9.45050034332  -11.091    
0.058  -5.28299981689  9.34250034332  -12.121    
0.318  -5.81799981689  10.7215003433  -12.492    
-0.422  -5.41799981689  11.7295003433  -11.908    
-0.068  -6.42799981689  8.44350034332  -11.648    
-0.214  -6.02999981689  7.01150034332  -11.464    
0.059  -5.70099981689  6.39650034332  -10.291    
-0.038  -5.91699981689  6.01350034332  -12.485    
-0.08  -5.39099981689  5.07750034332  -10.519    
0.109  -5.51599981689  4.81750034332  -11.858    
-0.081  -6.11599981689  6.01550034332  -13.869    
-0.053  -5.30999981689  3.63550034332  -12.566    
-0.094  -5.91199981689  4.84050034332  -14.57    
-0.053  -5.51299981689  3.66750034332  -13.918    
0.204  -4.52599981689  9.22650034332  -10.305    
0.046  -4.89599981689  8.94450034332  -12.916    
0.034  -6.75299981689  8.77350034332  -10.796    
0.034  -7.14099981689  8.47050034332  -12.305    
0.056  -5.68799981689  6.81050034332  -9.458    
0.179  -5.15599981689  4.50850034332  -9.918    
0.058  -6.38099981689  6.79050034332  -14.309    
0.053  -5.04599981689  2.85450034332  -12.136    
0.052  -6.04199981689  4.83050034332  -15.491    
0.053  -5.38399981689  2.89250034332  -14.416    
-0.408  2.19300018311  10.7325003433  -17.52    
0.204  3.01100018311  10.7925003433  -17.701    
0.204  2.05500018311  9.94150034332  -17.276    
-0.408  -4.61399981689  13.3795003433  -8.062    
0.204  -3.96999981689  12.8455003433  -8.14    
0.204  -5.28999981689  12.9915003433  -8.375    
-0.408  -4.22399981689  13.8405003433  -4.734    
0.204  -3.85899981689  14.4965003433  -5.111    
0.204  -4.08599981689  13.1725003433  -5.224    
-0.408  -4.22899981689  13.2975003433  -2.558    
0.204  -4.24499981689  14.1155003433  -2.369    
0.204  -4.80899981689  12.9255003433  -2.077    
-0.408  -5.88199981689  14.4835003433  -3.42    
0.204  -5.51199981689  15.0205003433  -3.95    
0.204  -5.85899981689  13.7275003433  -3.785    
-0.408  -3.21499981689  8.04050034332  7.602    
0.204  -2.52099981689  7.69550034332  7.278    
0.204  -3.74399981689  7.41050034332  7.768    
-0.408  -5.75899981689  13.4605003433  -6.219    
0.204  -5.51099981689  14.1815003433  -6.572    
0.204  -6.58899981689  13.5185003433  -6.106    
-0.408  -8.61699981689  -1.184  15.9530004578    
0.204  -9.28099981689  -1.693  15.8780004578    
0.204  -7.93399981689  -1.673  15.9540004578    
0.394  7.48  -18.7240006866  -3.194    
-0.653  7.663  -19.8210006866  -2.624    
-0.242  7.77  -18.6360006866  -4.663    
-0.585  7.063  -17.6970006866  -2.616    
0.027  7.985  -19.6310006866  -5.052    
0.022  8.635  -17.9910006866  -4.823    
0.037  6.907  -18.2170006866  -5.181    
-0.204  11.4289998169  -15.2245003433  2.641    
0.058  11.9449998169  -16.5775003433  2.81    
0.318  13.0489998169  -16.6135003433  3.862    
-0.422  12.9889998169  -15.8965003433  4.862    
-0.076  10.8099998169  -17.5195003433  3.219    
-0.038  11.1619998169  -19.0015003433  3.367    
-0.114  9.98499981689  -19.7665003433  3.947    
-0.114  11.5729998169  -19.5935003433  2.03    
0.204  10.8839998169  -14.9815003433  3.26    
0.046  12.3139998169  -16.8885003433  1.969    
0.038  10.1099998169  -17.4565003433  2.551    
0.038  10.4639998169  -17.2205003433  4.074    
0.038  11.9089998169  -19.0925003433  3.978    
0.038  10.2259998169  -20.7025003433  4.027    
0.038  9.22299981689  -19.6705003433  3.355    
0.038  9.77299981689  -19.4035003433  4.822    
0.038  11.7939998169  -20.5295003433  2.155    
0.038  12.3449998169  -19.1125003433  1.696    
0.038  10.8339998169  -19.5085003433  1.408    
-0.204  11.6109998169  -15.0055003433  7.125    
0.002  10.7219998169  -13.8735003433  6.945    
0.318  11.1329998169  -13.0005003433  5.776    
-0.422  11.1489998169  -13.4525003433  4.632    
0.204  12.1049998169  -15.1725003433  6.441    
0.051  9.81899981689  -14.1925003433  6.787    
0.051  10.7199998169  -13.3315003433  7.749    
-0.204  11.4679998169  -11.7465003433  6.067    
0.058  11.9069998169  -10.8085003433  5.039    
0.318  13.3649998169  -10.4175003433  5.257    
-0.422  13.8809998169  -10.5055003433  6.372    
-0.12  11.0219998169  -9.57150034332  5.032    
0.204  11.4479998169  -11.4115003433  6.858    
0.046  11.8379998169  -11.2295003433  4.168    
0.04  11.3449998169  -8.95750034332  4.355    
0.04  10.1109998169  -9.83650034332  4.831    
0.04  11.0589998169  -9.15050034332  5.905    
-0.204  14.0039998169  -10.5665003433  -5.867    
0.058  15.0069998169  -10.3065003433  -6.893    
0.318  16.3459998169  -10.9325003433  -6.518    
-0.422  16.7399998169  -10.9235003433  -5.352    
-0.068  15.1759998169  -8.80050034332  -7.104    
-0.214  13.9569998169  -8.12850034332  -7.655    
0.059  13.6319998169  -7.96650034332  -8.97    
-0.038  12.8979998169  -7.52150034332  -6.903    
-0.08  12.4369998169  -7.29950034332  -9.084    
0.109  11.9659998169  -7.01450034332  -7.829    
-0.081  12.6489998169  -7.35950034332  -5.537    
-0.053  10.8029998169  -6.35650034332  -7.433    
-0.094  11.4939998169  -6.70550034332  -5.146    
-0.053  10.5859998169  -6.21250034332  -6.091    
0.204  13.8739998169  -9.90750034332  -5.331    
0.046  14.7139998169  -10.6985003433  -7.73    
0.034  15.3849998169  -8.38650034332  -6.252    
0.034  15.9029998169  -8.65250034332  -7.729    
0.056  14.1449998169  -8.26650034332  -9.685    
0.179  12.0469998169  -7.09350034332  -9.823    
0.058  13.2469998169  -7.68450034332  -4.903    
0.053  10.1979998169  -6.02750034332  -8.058    
0.052  11.3169998169  -6.59150034332  -4.24    
0.053  9.81799981689  -5.77750034332  -5.799    
0.394  19.4329998169  -11.1195003433  6.329    
-0.653  20.1559998169  -11.9765003433  5.776    
-0.242  19.3849998169  -11.0985003433  7.828    
-0.585  18.7519998169  -10.2735003433  5.708    
0.027  20.1289998169  -11.7895003433  8.224    
0.022  19.5949998169  -10.0905003433  8.186    
0.037  18.3939998169  -11.4055003433  8.163    
-0.408  14.7019998169  -13.4215003433  -3.42    
0.204  15.0719998169  -12.8845003433  -3.95    
0.204  14.7249998169  -14.1775003433  -3.785    
-0.408  14.6449998169  -14.2485003433  -0.621    
0.204  15.0189998169  -13.4995003433  -0.69    
0.204  13.8609998169  -14.1545003433  -0.909    
-0.408  8.61699981689  -15.1365003433  10.067    
0.204  9.28099981689  -15.6455003433  10.142    
0.204  7.93399981689  -15.6255003433  10.066    
-0.408  14.8269998169  -11.9255003433  7.62    
0.204  15.6479998169  -11.7525003433  7.643    
0.204  14.6489998169  -12.1555003433  6.832    
-0.408  13.6719998169  -13.6955003433  7.229    
0.204  14.0979998169  -14.3495003433  7.541    
0.204  13.3269998169  -13.2965003433  7.883    
-0.408  13.8619998169  -13.7615003433  4.652    
0.204  13.9919998169  -14.4195003433  5.158    
0.204  13.7889998169  -13.0865003433  5.146    
-0.408  15.6439998169  -13.2505003433  3.557    
0.204  16.3509998169  -13.6955003433  3.645    
0.204  15.0569998169  -13.7805003433  3.274    
-0.408  6.25999981689  -13.9115003433  -9.061    
0.204  6.90099981689  -14.3855003433  -9.324    
0.204  5.57899981689  -14.4035003433  -9.058    
-0.414  -6.169  -10.0535003433  9.19300045776    
-0.007  -7.258  -9.93250034332  10.1270004578    
0.375  -8.123  -11.1915003433  10.0680004578    
-0.594  -8.432  -11.7675003433  9.02000045776    
0.357  -4.866  -9.70150034332  9.47200045776    
-0.423  -4.49  -9.23950034332  10.5610004578    
0.209  -6.398  -10.4175003433  8.29800045776    
0.043  -4.17  -9.88550034332  8.62000045776    
-0.042  -8.153  -8.69250034332  9.85800045776    
-0.153  -9.025  -8.93750034332  8.64400045776    
-0.152  -9.019  -8.36350034332  11.0550004578    
0.088  -6.836  -9.84450034332  11.1760004578    
0.052  -7.48  -7.81550034332  9.64700045776    
0.047  -9.355  -7.96850034332  8.19700045776    
0.01  -9.933  -9.51950034332  8.93500045776    
0.1  -8.467  -9.51050034332  7.86300045776    
0.044  -9.725  -7.53250034332  10.8120004578    
0.04  -8.397  -8.05550034332  11.9290004578    
0.023  -9.617  -9.25950034332  11.3510004578    
-0.204  -6.034  -9.45050034332  14.9290004578    
0.058  -5.009  -9.34250034332  13.8990004578    
0.318  -4.474  -10.7215003433  13.5280004578    
-0.422  -4.874  -11.7295003433  14.1120004578    
-0.068  -3.864  -8.44350034332  14.3720004578    
-0.214  -4.262  -7.01150034332  14.5560004578    
0.059  -4.591  -6.39650034332  15.7290004578    
-0.038  -4.375  -6.01350034332  13.5350004578    
-0.08  -4.901  -5.07750034332  15.5010004578    
0.109  -4.776  -4.81750034332  14.1620004578    
-0.081  -4.176  -6.01550034332  12.1510004578    
-0.053  -4.982  -3.63550034332  13.4540004578    
-0.094  -4.38  -4.84050034332  11.4500004578    
-0.053  -4.779  -3.66750034332  12.1020004578    
0.204  -5.766  -9.22650034332  15.7150004578    
0.046  -5.396  -8.94450034332  13.1040004578    
0.034  -3.539  -8.77350034332  15.2240004578    
0.034  -3.151  -8.47050034332  13.7150004578    
0.056  -4.604  -6.81050034332  16.5620004578    
0.179  -5.136  -4.50850034332  16.1020004578    
0.058  -3.911  -6.79050034332  11.7110004578    
0.053  -5.246  -2.85450034332  13.8840004578    
0.052  -4.25  -4.83050034332  10.5290004578    
0.053  -4.908  -2.89250034332  11.6040004578    
-0.204  -3.568  -10.7605003433  12.5560004578    
0.058  -2.974  -12.0155003433  12.1130004578    
0.318  -1.676  -11.7585003433  11.3550004578    
-0.422  -1.436  -10.6565003433  10.8640004578    
-0.12  -3.953  -12.7865003433  11.2420004578    
-0.422  -0.837  -12.6485003433  11.2160004578    
0.204  -3.28  -10.0685003433  12.1350004578    
0.046  -2.767  -12.5605003433  12.8890004578    
0.04  -3.54  -13.6185003433  10.9640004578    
0.04  -4.754  -12.9705003433  11.7570004578    
0.04  -4.174  -12.2505003433  10.4650004578    
-0.408  -5.907  -13.4845003433  9.05300045776    
0.204  -6.079  -12.8695003433  9.59900045776    
0.204  -5.493  -14.0785003433  9.47800045776    
-0.408  -6.757  -14.5625003433  10.6390004578    
0.204  -6.607  -13.9865003433  11.2320004578    
0.204  -7.421  -14.2925003433  10.2000004578    
-0.408  4.032  -13.9935003433  16.9590004578    
0.204  3.391  -13.5195003433  16.6960004578    
0.204  4.713  -13.5015003433  16.9620004578    
-0.414  4.12299981689  -3.899  -9.19300045776    
-0.007  3.03399981689  -4.02  -10.1270004578    
0.375  2.16899981689  -2.761  -10.0680004578    
-0.594  1.85999981689  -2.185  -9.02000045776    
0.357  5.42599981689  -4.251  -9.47200045776    
-0.423  5.80199981689  -4.713  -10.5610004578    
0.209  3.89399981689  -3.535  -8.29800045776    
0.043  6.12199981689  -4.067  -8.62000045776    
-0.042  2.13899981689  -5.26  -9.85800045776    
-0.153  1.26699981689  -5.015  -8.64400045776    
-0.152  1.27299981689  -5.589  -11.0550004578    
0.088  3.45599981689  -4.108  -11.1760004578    
0.052  2.81199981689  -6.137  -9.64700045776    
0.047  0.936999816895  -5.984  -8.19700045776    
0.01  0.358999816895  -4.433  -8.93500045776    
0.1  1.82499981689  -4.442  -7.86300045776    
0.044  0.566999816895  -6.42  -10.8120004578    
0.04  1.89499981689  -5.897  -11.9290004578    
0.023  0.674999816895  -4.693  -11.3510004578    
-0.204  1.76599981689  -2.318  -11.2550004578    
0.002  0.924999816895  -1.142  -11.3900004578    
0.318  1.36999981689  -0.225  -12.5120004578    
-0.422  1.87899981689  -0.681  -13.5360004578    
0.204  1.96999981689  -2.688  -12.0040004578    
0.051  0.0119998168945  -1.419  -11.5660004578    
0.051  0.935999816895  -0.636  -10.5630004578    
-0.204  1.17599981689  1.075  -12.3170004578    
0.058  1.55399981689  2.068  -13.3160004578    
0.318  3.00499981689  2.497  -13.1240004578    
-0.422  3.72199981689  1.94  -12.2920004578    
-0.12  0.627999816895  3.273  -13.2410004578    
0.204  0.823999816895  1.411  -11.6070004578    
0.046  1.46899981689  1.678  -14.2000004578    
0.04  0.873999816895  3.906  -13.9330004578    
0.04  -0.286000183105  2.976  -13.3740004578    
0.04  0.716999816895  3.685  -12.3670004578    
-0.204  3.43299981689  3.489  -13.8990004578    
0.058  4.79799981689  3.993  -13.8180004578    
0.318  5.69999981689  3.26  -14.8050004578    
-0.422  5.21999981689  2.581  -15.7130004578    
-0.076  4.82799981689  5.496  -14.1050004578    
-0.038  4.02899981689  6.378  -13.1430004578    
-0.114  4.60799981689  6.31  -11.7370004578    
-0.114  3.99299981689  7.815  -13.6400004578    
0.204  2.94699981689  3.89  -14.4840004578    
0.046  5.14399981689  3.845  -12.9240004578    
0.038  4.47299981689  5.644  -14.9950004578    
0.038  5.74999981689  5.794  -14.0730004578    
0.038  3.11599981689  6.054  -13.1050004578    
0.038  4.12899981689  6.933  -11.1690004578    
0.038  5.54799981689  6.549  -11.7720004578    
0.038  4.50799981689  5.407  -11.3980004578    
0.038  3.48599981689  8.354  -13.0120004578    
0.038  3.56799981689  7.836  -14.5120004578    
0.038  4.90099981689  8.15  -13.7060004578    
-0.204  7.00799981689  3.403  -14.6200004578    
0.058  7.98099981689  2.761  -15.4960004578    
0.318  7.96799981689  1.248  -15.3030004578    
-0.422  7.29099981689  0.732  -14.4130004578    
-0.12  9.37199981689  3.316  -15.2380004578    
0.204  7.35999981689  3.87  -13.9900004578    
0.046  7.74799981689  2.948  -16.4190004578    
0.04  10.0019998169  2.879  -15.8330004578    
0.04  9.36599981689  4.271  -15.4060004578    
0.04  9.61499981689  3.144  -14.3150004578    
-0.204  8.72199981689  0.545  -16.1420004578    
0.058  8.79699981689  -0.91  -16.0790004578    
0.318  8.55999981689  -1.496  -17.4660004578    
-0.422  9.18199981689  -1.076  -18.4420004578    
-0.038  10.1479998169  -1.372  -15.5040004578    
-0.114  10.4179998169  -0.686  -14.1690004578    
-0.114  10.1729998169  -2.893  -15.3600004578    
0.204  9.20499981689  0.891  -16.7630004578    
0.046  8.09699981689  -1.239  -15.4950004578    
0.038  10.8549998169  -1.119  -16.1180004578    
0.038  10.9939998169  -1.247  -13.6270004578    
0.038  9.57399981689  -0.539  -13.7130004578    
0.038  10.8569998169  0.162  -14.3370004578    
0.038  10.8329998169  -3.255  -15.9730004578    
0.038  9.29599981689  -3.247  -15.5740004578    
0.038  10.4059998169  -3.129  -14.4490004578    
-0.204  3.54399981689  2.477  -18.5080004578    
0.058  2.22699981689  1.891  -18.7240004578    
0.318  1.90399981689  0.88  -17.6290004578    
-0.422  2.67199981689  0.707  -16.6830004578    
0.204  3.81599981689  2.436  -17.6930004578    
-0.076  1.15199981689  2.982  -18.7650004578    
-0.038  0.865999816895  3.75  -17.4690004578    
-0.114  2.05699981689  4.595  -17.0410004578    
-0.114  -0.372000183105  4.619  -17.6340004578    
0.046  2.22099981689  1.427  -19.5760004578    
0.038  0.317999816895  2.57  -19.0400004578    
0.038  1.41599981689  3.637  -19.4300004578    
0.038  0.683999816895  3.115  -16.7590004578    
0.038  1.75999981689  5.253  -16.3930004578    
0.038  2.42299981689  5.041  -17.8210004578    
0.038  2.72799981689  4.019  -16.6440004578    
0.038  -0.537000183105  5.094  -16.8050004578    
0.038  -1.12800018311  4.052  -17.8480004578    
0.038  -0.219000183105  5.252  -18.3530004578    
-0.204  4.25799981689  -4.502  -14.9290004578    
0.058  5.28299981689  -4.61  -13.8990004578    
0.318  5.81799981689  -3.231  -13.5280004578    
-0.422  5.41799981689  -2.223  -14.1120004578    
-0.068  6.42799981689  -5.509  -14.3720004578    
-0.214  6.02999981689  -6.941  -14.5560004578    
0.059  5.70099981689  -7.556  -15.7290004578    
-0.038  5.91699981689  -7.939  -13.5350004578    
-0.08  5.39099981689  -8.875  -15.5010004578    
0.109  5.51599981689  -9.135  -14.1620004578    
-0.081  6.11599981689  -7.937  -12.1510004578    
-0.053  5.30999981689  -10.317  -13.4540004578    
-0.094  5.91199981689  -9.112  -11.4500004578    
-0.053  5.51299981689  -10.285  -12.1020004578    
0.204  4.52599981689  -4.726  -15.7150004578    
0.046  4.89599981689  -5.008  -13.1040004578    
0.034  6.75299981689  -5.179  -15.2240004578    
0.034  7.14099981689  -5.482  -13.7150004578    
0.056  5.68799981689  -7.142  -16.5620004578    
0.179  5.15599981689  -9.444  -16.1020004578    
0.058  6.38099981689  -7.162  -11.7110004578    
0.053  5.04599981689  -11.098  -13.8840004578    
0.052  6.04199981689  -9.122  -10.5290004578    
0.053  5.38399981689  -11.06  -11.6040004578    
-0.204  6.72399981689  -3.192  -12.5560004578    
0.058  7.31799981689  -1.937  -12.1130004578    
0.318  8.61599981689  -2.194  -11.3550004578    
-0.422  8.85599981689  -3.296  -10.8640004578    
-0.12  6.33899981689  -1.166  -11.2420004578    
-0.422  9.45499981689  -1.304  -11.2160004578    
0.204  7.01199981689  -3.884  -12.1350004578    
0.046  7.52499981689  -1.392  -12.8890004578    
0.04  6.75199981689  -0.334  -10.9640004578    
0.04  5.53799981689  -0.982  -11.7570004578    
0.04  6.11799981689  -1.702  -10.4650004578    
0.394  8.54999981689  2.368  -11.7850004578    
-0.653  9.35699981689  1.58  -12.3230004578    
-0.242  8.48899981689  2.4  -10.2860004578    
-0.585  7.79399981689  3.135  -12.4190004578    
0.027  9.29399981689  1.79  -9.87600045776    
0.022  7.52999981689  2.002  -9.95500045776    
0.037  8.59399981689  3.428  -9.93900045776    
0.394  8.40299981689  -6.638  -10.0410004578    
-0.653  8.28399981689  -5.949  -11.0770004578    
-0.242  9.02299981689  -7.997  -10.1670004578    
-0.585  8.04099981689  -6.26  -8.90600045776    
0.027  9.39499981689  -8.133  -11.1830004578    
0.022  9.84899981689  -8.089  -9.46200045776    
0.037  8.27399981689  -8.759  -9.95200045776    
-0.408  4.38499981689  -0.468  -9.05300045776    
0.204  4.21299981689  -1.083  -9.59900045776    
0.204  4.79899981689  0.126  -9.47800045776    
-0.408  -2.19300018311  -3.22  -8.50000045776    
0.204  -3.01100018311  -3.16  -8.31900045776    
0.204  -2.05500018311  -4.011  -8.74400045776    
-0.408  3.53499981689  0.61  -10.6390004578    
0.204  3.68499981689  0.034  -11.2320004578    
0.204  2.87099981689  0.34  -10.2000004578    
-0.408  4.61399981689  -0.573  -17.9580004578    
0.204  3.96999981689  -1.107  -17.8800004578    
0.204  5.28999981689  -0.961  -17.6450004578    
-0.408  5.18599981689  -0.338  -15.8700004578    
0.204  4.48299981689  -0.774  -15.7220004578    
0.204  5.81499981689  -0.764  -15.5110004578    
-0.408  4.08799981689  -0.234  -13.9880004578    
0.204  3.87099981689  -0.799  -13.4050004578    
0.204  4.57299981689  0.336  -13.6050004578    
0.394  3.617  15.8700006866  2.206    
-0.653  3.577  15.5030006866  3.4    
-0.242  4.466  15.0800006866  1.255    
-0.585  2.989  16.8520006866  1.755    
0.027  4.833  14.1830006866  1.755    
0.022  3.873  14.7960006866  0.386    
0.037  5.314  15.6860006866  0.936    
-0.408  2.61799981689  19.8380006866  18.0330004578    
0.204  1.92099981689  19.3700006866  18.0330004578    
0.204  3.26799981689  19.3060006866  18.0150004578    
-0.414  14.4149996338  -10.0535003433  9.19300045776    
-0.007  13.3259996338  -9.93250034332  10.1270004578    
0.375  12.4609996338  -11.1915003433  10.0680004578    
-0.594  12.1519996338  -11.7675003433  9.02000045776    
0.357  15.7179996338  -9.70150034332  9.47200045776    
-0.423  16.0939996338  -9.23950034332  10.5610004578    
0.209  14.1859996338  -10.4175003433  8.29800045776    
0.043  16.4139996338  -9.88550034332  8.62000045776    
-0.042  12.4309996338  -8.69250034332  9.85800045776    
-0.153  11.5589996338  -8.93750034332  8.64400045776    
-0.152  11.5649996338  -8.36350034332  11.0550004578    
0.088  13.7479996338  -9.84450034332  11.1760004578    
0.052  13.1039996338  -7.81550034332  9.64700045776    
0.047  11.2289996338  -7.96850034332  8.19700045776    
0.01  10.6509996338  -9.51950034332  8.93500045776    
0.1  12.1169996338  -9.51050034332  7.86300045776    
0.044  10.8589996338  -7.53250034332  10.8120004578    
0.04  12.1869996338  -8.05550034332  11.9290004578    
0.023  10.9669996338  -9.25950034332  11.3510004578    
-0.204  12.0579996338  -11.6345003433  11.2550004578    
0.002  11.2169996338  -12.8105003433  11.3900004578    
0.318  11.6619996338  -13.7275003433  12.5120004578    
-0.422  12.1709996338  -13.2715003433  13.5360004578    
0.204  12.2619996338  -11.2645003433  12.0040004578    
0.051  10.3039996338  -12.5335003433  11.5660004578    
0.051  11.2279996338  -13.3165003433  10.5630004578    
-0.204  11.6429996338  -11.2135003433  15.8180004578    
0.318  13.3179996338  -9.86250034332  14.6480004578    
-0.422  12.9579996338  -10.1735003433  13.5130004578    
0.204  11.4259996338  -11.4895003433  15.0340004578    
0.058  12.3419996338  -9.93250034332  15.8170004578    
-0.076  11.3339996338  -8.78450034332  15.7240004578    
-0.038  11.9079996338  -7.37450034332  15.5640004578    
-0.114  10.7879996338  -6.34950034332  15.4850004578    
-0.114  12.8569996338  -7.04350034332  16.7030004578    
0.046  12.8429996338  -9.83650034332  16.6420004578    
0.038  10.7979996338  -8.78550034332  16.5330004578    
0.038  10.7589996338  -8.94750034332  14.9600004578    
0.038  12.4089996338  -7.32850034332  14.7350004578    
0.038  11.1739996338  -5.47150034332  15.3400004578    
0.038  10.2929996338  -6.36050034332  16.3190004578    
0.038  10.2009996338  -6.58050034332  14.7480004578    
0.038  13.1399996338  -6.11950034332  16.6180004578    
0.038  13.6269996338  -7.63150034332  16.6520004578    
0.038  12.3959996338  -7.17250034332  17.5460004578    
-0.204  14.5499996338  -9.45050034332  14.9290004578    
0.058  15.5749996338  -9.34250034332  13.8990004578    
0.318  16.1099996338  -10.7215003433  13.5280004578    
-0.422  15.7099996338  -11.7295003433  14.1120004578    
-0.068  16.7199996338  -8.44350034332  14.3720004578    
-0.214  16.3219996338  -7.01150034332  14.5560004578    
0.059  15.9929996338  -6.39650034332  15.7290004578    
-0.038  16.2089996338  -6.01350034332  13.5350004578    
-0.08  15.6829996338  -5.07750034332  15.5010004578    
0.109  15.8079996338  -4.81750034332  14.1620004578    
-0.081  16.4079996338  -6.01550034332  12.1510004578    
-0.053  15.6019996338  -3.63550034332  13.4540004578    
-0.094  16.2039996338  -4.84050034332  11.4500004578    
-0.053  15.8049996338  -3.66750034332  12.1020004578    
0.204  14.8179996338  -9.22650034332  15.7150004578    
0.046  15.1879996338  -8.94450034332  13.1040004578    
0.034  17.0449996338  -8.77350034332  15.2240004578    
0.034  17.4329996338  -8.47050034332  13.7150004578    
0.056  15.9799996338  -6.81050034332  16.5620004578    
0.179  15.4479996338  -4.50850034332  16.1020004578    
0.058  16.6729996338  -6.79050034332  11.7110004578    
0.053  15.3379996338  -2.85450034332  13.8840004578    
0.052  16.3339996338  -4.83050034332  10.5290004578    
0.053  15.6759996338  -2.89250034332  11.6040004578    
0.394  18.6949996338  -7.31450034332  10.0410004578    
-0.653  18.5759996338  -8.00350034332  11.0770004578    
-0.242  19.3149996338  -5.95550034332  10.1670004578    
-0.585  18.3329996338  -7.69250034332  8.90600045776    
0.027  19.6869996338  -5.81950034332  11.1830004578    
0.022  20.1409996338  -5.86350034332  9.46200045776    
0.037  18.5659996338  -5.19350034332  9.95200045776    
-0.408  14.6769996338  -13.4845003433  9.05300045776    
0.204  14.5049996338  -12.8695003433  9.59900045776    
0.204  15.0909996338  -14.0785003433  9.47800045776    
-0.408  8.09899963379  -10.7325003433  8.50000045776    
0.204  7.28099963379  -10.7925003433  8.31900045776    
0.204  8.23699963379  -9.94150034332  8.74400045776    
-0.408  13.8269996338  -14.5625003433  10.6390004578    
0.204  13.9769996338  -13.9865003433  11.2320004578    
0.204  13.1629996338  -14.2925003433  10.2000004578    
-0.408  18.3909994507  -3.22  -8.50000045776    
0.204  17.5729994507  -3.16  -8.31900045776    
0.204  18.5289994507  -4.011  -8.74400045776    
-0.204  23.8679996338  -3.403  11.4    
0.058  22.8949996338  -2.761  10.524    
0.318  22.9079996338  -1.248  10.717    
-0.422  23.5849996338  -0.732  11.607    
-0.12  21.5039996338  -3.316  10.782    
0.204  23.5159996338  -3.87  12.03    
0.046  23.1279996338  -2.948  9.601    
0.04  20.8739996338  -2.879  10.187    
0.04  21.5099996338  -4.271  10.614    
0.04  21.2609996338  -3.144  11.705    
-0.204  22.1539996338  -0.545  9.878    
0.058  22.0789996338  0.91  9.941    
0.318  22.3159996338  1.496  8.554    
-0.422  21.6939996338  1.076  7.578    
-0.038  20.7279996338  1.372  10.516    
-0.114  20.4579996338  0.686  11.851    
-0.114  20.7029996338  2.893  10.66    
0.204  21.6709996338  -0.891  9.257    
0.046  22.7789996338  1.239  10.525    
0.038  20.0209996338  1.119  9.902    
0.038  19.8819996338  1.247  12.393    
0.038  21.3019996338  0.539  12.307    
0.038  20.0189996338  -0.162  11.683    
0.038  20.0429996338  3.255  10.047    
0.038  21.5799996338  3.247  10.446    
0.038  20.4699996338  3.129  11.571    
-0.204  22.1289996338  -0.729  4.576    
0.058  22.6129996338  -2.102  4.687    
0.318  23.6559996338  -2.223  5.792    
-0.422  23.8769996338  -1.285  6.558    
-0.076  21.4509996338  -3.064  4.955    
-0.038  20.9469996338  -3.168  6.398    
-0.114  20.6129996338  -1.798  6.962    
-0.114  19.7369996338  -4.086  6.469    
0.204  22.2639996338  -0.252  5.278    
0.046  23.0299996338  -2.36  3.852    
0.038  21.7289996338  -3.953  4.686    
0.038  20.6979996338  -2.787  4.41    
0.038  21.6429996338  -3.557  6.95    
0.038  20.0719996338  -1.907  7.759    
0.038  20.1229996338  -1.297  6.293    
0.038  21.4379996338  -1.338  7.179    
0.038  19.4399996338  -4.147  7.39    
0.038  19.9879996338  -4.965  6.143    
0.038  19.0289996338  -3.719  5.916    
-0.204  12.0579996338  16.2705003433  11.2550004578    
0.002  11.2169996338  15.0945003433  11.3900004578    
0.318  11.6619996338  14.1775003433  12.5120004578    
-0.422  12.1709996338  14.6335003433  13.5360004578    
0.204  12.2619996338  16.6405003433  12.0040004578    
0.051  10.3039996338  15.3715003433  11.5660004578    
0.051  11.2279996338  14.5885003433  10.5630004578    
-0.204  11.4679996338  12.8775003433  12.3170004578    
0.058  11.8459996338  11.8845003433  13.3160004578    
0.318  13.2969996338  11.4555003433  13.1240004578    
-0.422  14.0139996338  12.0125003433  12.2920004578    
-0.12  10.9199996338  10.6795003433  13.2410004578    
0.204  11.1159996338  12.5415003433  11.6070004578    
0.046  11.7609996338  12.2745003433  14.2000004578    
0.04  11.1659996338  10.0465003433  13.9330004578    
0.04  10.0059996338  10.9765003433  13.3740004578    
0.04  11.0089996338  10.2675003433  12.3670004578    
-0.204  13.7249996338  10.4635003433  13.8990004578    
0.058  15.0899996338  9.95950034332  13.8180004578    
0.318  15.9919996338  10.6925003433  14.8050004578    
-0.422  15.5119996338  11.3715003433  15.7130004578    
-0.076  15.1199996338  8.45650034332  14.1050004578    
-0.038  14.3209996338  7.57450034332  13.1430004578    
-0.114  14.8999996338  7.64250034332  11.7370004578    
-0.114  14.2849996338  6.13750034332  13.6400004578    
0.204  13.2389996338  10.0625003433  14.4840004578    
0.046  15.4359996338  10.1075003433  12.9240004578    
0.038  14.7649996338  8.30850034332  14.9950004578    
0.038  16.0419996338  8.15850034332  14.0730004578    
0.038  13.4079996338  7.89850034332  13.1050004578    
0.038  14.4209996338  7.01950034332  11.1690004578    
0.038  15.8399996338  7.40350034332  11.7720004578    
0.038  14.7999996338  8.54550034332  11.3980004578    
0.038  13.7779996338  5.59850034332  13.0120004578    
0.038  13.8599996338  6.11650034332  14.5120004578    
0.038  15.1929996338  5.80250034332  13.7060004578    
-0.204  16.8719996338  10.5665003433  20.1530004578    
0.058  15.8689996338  10.3065003433  19.1270004578    
0.318  14.5299996338  10.9325003433  19.5020004578    
-0.422  14.1359996338  10.9235003433  20.6680004578    
-0.068  15.6999996338  8.80050034332  18.9160004578    
-0.214  16.9189996338  8.12850034332  18.3650004578    
0.059  17.2439996338  7.96650034332  17.0500004578    
-0.038  17.9779996338  7.52150034332  19.1170004578    
-0.08  18.4389996338  7.29950034332  16.9360004578    
0.109  18.9099996338  7.01450034332  18.1910004578    
-0.081  18.2269996338  7.35950034332  20.4830004578    
-0.053  20.0729996338  6.35650034332  18.5870004578    
-0.094  19.3819996338  6.70550034332  20.8740004578    
-0.053  20.2899996338  6.21250034332  19.9290004578    
0.204  17.0019996338  9.90750034332  20.6890004578    
0.046  16.1619996338  10.6985003433  18.2900004578    
0.034  15.4909996338  8.38650034332  19.7680004578    
0.034  14.9729996338  8.65250034332  18.2910004578    
0.056  16.7309996338  8.26650034332  16.3350004578    
0.179  18.8289996338  7.09350034332  16.1970004578    
0.058  17.6289996338  7.68450034332  21.1170004578    
0.053  20.6779996338  6.02750034332  17.9620004578    
0.052  19.5589996338  6.59150034332  21.7800004578    
0.053  21.0579996338  5.77750034332  20.2210004578    
-0.204  13.8359996338  11.4755003433  18.5080004578    
0.058  12.5189996338  12.0615003433  18.7240004578    
0.318  12.1959996338  13.0725003433  17.6290004578    
-0.422  12.9639996338  13.2455003433  16.6830004578    
0.204  14.1079996338  11.5165003433  17.6930004578    
-0.076  11.4439996338  10.9705003433  18.7650004578    
-0.038  11.1579996338  10.2025003433  17.4690004578    
-0.114  12.3489996338  9.35750034332  17.0410004578    
-0.114  9.91999963379  9.33350034332  17.6340004578    
0.046  12.5129996338  12.5255003433  19.5760004578    
0.038  10.6099996338  11.3825003433  19.0400004578    
0.038  11.7079996338  10.3155003433  19.4300004578    
0.038  10.9759996338  10.8375003433  16.7590004578    
0.038  12.0519996338  8.69950034332  16.3930004578    
0.038  12.7149996338  8.91150034332  17.8210004578    
0.038  13.0199996338  9.93350034332  16.6440004578    
0.038  9.75499963379  8.85850034332  16.8050004578    
0.038  9.16399963379  9.90050034332  17.8480004578    
0.038  10.0729996338  8.70050034332  18.3530004578    
-0.204  11.0529996338  13.7385003433  17.7650004578    
0.058  10.6169996338  14.7205003433  16.7800004578    
0.318  11.3749996338  16.0335003433  16.9410004578    
-0.422  11.7059996338  16.4395003433  18.0560004578    
-0.068  9.11299963379  14.9725003433  16.9000004578    
-0.214  8.27199963379  13.8025003433  16.4930004578    
0.059  7.84399963379  13.4985003433  15.2340004578    
-0.038  7.74999963379  12.7805003433  17.3510004578    
-0.08  7.08999963379  12.3505003433  15.2540004578    
0.109  7.01699963379  11.8905003433  16.5420004578    
-0.081  7.83099963379  12.5325003433  18.7250004578    
-0.053  6.37099963379  10.7695003433  17.0600004578    
-0.094  7.18899963379  11.4195003433  19.2370004578    
-0.053  6.46799963379  10.5525003433  18.4070004578    
0.204  10.5089996338  13.6375003433  18.4240004578    
0.046  10.7959996338  14.3775003433  15.8900004578    
0.034  8.90299963379  15.1815003433  17.8230004578    
0.034  8.87499963379  15.7205003433  16.3310004578    
0.056  8.03599963379  13.9965003433  14.4720004578    
0.179  6.72399963379  11.9815003433  14.5690004578    
0.058  8.30799963379  13.1035003433  19.2830004578    
0.053  5.89099963379  10.1925003433  16.5110004578    
0.052  7.23699963379  11.2435003433  20.1490004578    
0.053  6.04599963379  9.81150034332  18.7790004578    
0.394  16.9669996338  1.91750034332  23.8140004578    
-0.653  17.0069996338  1.55050034332  22.6200004578    
-0.242  16.1179996338  1.12750034332  24.7650004578    
-0.585  17.5949996338  2.89950034332  24.2650004578    
0.027  15.7509996338  0.230500343323  24.2650004578    
0.022  16.7109996338  0.843500343323  25.6340004578    
0.037  15.2699996338  1.73350034332  25.0840004578    
-0.408  14.6769996338  14.4205003433  9.05300045776    
0.204  14.5049996338  15.0355003433  9.59900045776    
0.204  15.0909996338  13.8265003433  9.47800045776    
-0.408  8.09899963379  17.1725003433  8.50000045776    
0.204  7.28099963379  17.1125003433  8.31900045776    
0.204  8.23699963379  17.9635003433  8.74400045776    
-0.408  13.8269996338  13.3425003433  10.6390004578    
0.204  13.9769996338  13.9185003433  11.2320004578    
0.204  13.1629996338  13.6125003433  10.2000004578    
-0.408  15.4779996338  14.2905003433  15.8700004578    
0.204  14.7749996338  14.7265003433  15.7220004578    
0.204  16.1069996338  14.7165003433  15.5110004578    
-0.408  14.3799996338  14.1865003433  13.9880004578    
0.204  14.1629996338  14.7515003433  13.4050004578    
0.204  14.8649996338  13.6165003433  13.6050004578    
0.394  21.7349994507  2.833  19.6910004578    
-0.653  21.0119994507  1.976  20.2440004578    
-0.242  21.7829994507  2.854  18.1920004578    
-0.585  22.4159994507  3.679  20.3120004578    
0.027  21.0389994507  2.163  17.7960004578    
0.022  21.5729994507  3.862  17.8340004578    
0.037  22.7739994507  2.547  17.8570004578    
