   -0.12019058
   -0.09699900
    0.27455899
   -0.46366948
    0.28652590
    0.30047838
    0.31061025
    0.18696266
    0.12989063
   -0.15234048
    0.00943521
    0.27131111
   -0.47194224
   -0.04967869
   -0.01692003
    0.23177564
    0.09972846
    0.06139098
    0.12744762
   -0.19323513
    0.04943184
    0.27626716
   -0.48330082
   -0.10589472
    0.21818539
    0.05583380
    0.04669207
    0.06586598
    0.03690743
   -0.17072403
    0.03559323
    0.27185426
   -0.48986384
   -0.07009982
    0.00372693
   -0.04115863
   -0.03790698
   -0.03060530
   -0.02856296
   -0.03199352
    0.20257632
    0.07691433
    0.05608241
    0.05548023
    0.01924659
    0.01369316
    0.05490670
    0.05494113
    0.07432123
   -0.19764695
    0.03791788
    0.27878455
   -0.47829011
   -0.04773655
   -0.08742186
    0.37442475
   -0.61674914
   -0.65842517
    0.20837743
    0.04119208
    0.04096883
    0.05724990
    0.02259746
    0.02383039
   -0.19973535
   -0.02909521
    0.26480114
   -0.45709187
    0.22255745
    0.09838377
    0.10176299
   -0.18149164
    0.03631801
    0.27832361
   -0.51845362
   -0.04644879
   -0.08812361
    0.36769920
   -0.63182537
   -0.66476429
    0.19589753
    0.05959282
    0.04764067
    0.02800304
    0.03170781
    0.04831141
   -0.17584724
    0.02023772
    0.29065537
   -0.53332239
    0.07897145
   -0.45500722
    0.23439601
    0.09770769
    0.04892683
    0.05066557
    0.34946455
   -0.16114392
    0.04035019
    0.27068920
   -0.48733262
   -0.01793025
   -0.10823476
    0.23348096
    0.08975867
    0.06481235
    0.06633768
   -0.18522795
    0.03700048
    0.26569110
   -0.49560588
   -0.09856734
    0.28261209
   -0.48581894
   -0.27088916
    0.22609760
    0.06501189
    0.06739902
    0.07484522
    0.23388466
    0.24945624
   -0.17012443
    0.01380971
    0.27273808
   -0.43822305
   -0.01353520
   -0.10927714
   -0.13655914
    0.20898689
    0.08451608
    0.08779139
    0.03146332
    0.01103547
    0.05245007
    0.03819233
    0.04887902
    0.07855816
   -0.16963430
    0.00656838
    0.27547156
   -0.46387489
   -0.07723194
   -0.09895066
    0.28572711
   -0.49262271
   -0.27780091
    0.20270247
    0.10054270
    0.07362794
    0.06693077
    0.07210561
    0.06020770
    0.22811134
    0.22226795
   -0.18121371
    0.00514740
    0.26775515
   -0.43719561
   -0.07878712
    0.01427575
   -0.04256938
   -0.04202508
   -0.03818717
   -0.03212894
   -0.03229821
    0.20654330
    0.11404898
    0.03246442
    0.08359167
    0.06074642
    0.02788265
    0.05215162
    0.03392831
    0.04241806
   -0.19130410
    0.26810449
   -0.55546684
    0.20897445
    0.10243623
    0.01538525
   -0.06089486
    0.00506329
   -0.03444998
   -0.04356493
   -0.06463145
   -0.07612159
    0.13567721
   -0.45026717
    0.03190836
    0.03133825
    0.00563836
    0.04226428
    0.07561730
    0.07532912
    0.35311632
   -0.07787673
    0.02311239
    0.28272450
   -0.49670517
   -0.08349905
   -0.07554999
   -0.02705012
    0.04120538
    0.07031460
    0.09322634
    0.06537194
    0.10944895
    0.10781750
    0.07791661
   -0.19788728
    0.03828777
    0.26832490
   -0.44870542
   -0.03410342
   -0.11189037
    0.21761051
    0.04953533
    0.08523738
    0.06819359
   -0.18519612
    0.03316708
    0.25869479
   -0.50447668
   -0.02132827
   -0.16782800
    0.21576456
    0.08004015
    0.04695925
    0.08548534
   -0.08322977
    0.02158366
    0.19910036
   -0.36962782
   -0.07854435
   -0.08010990
   -0.02711455
    0.09239368
    0.08431582
    0.08802529
    0.07910444
    0.09720973
    0.08395400
    0.08344526
   -0.38698264
   -0.03718665
    0.26068976
   -0.50766047
    0.18671689
    0.09746575
    0.09459905
   -0.17488102
    0.01673284
    0.26267286
   -0.48267815
   -0.07201087
   -0.01715854
   -0.10963333
   -0.10792750
    0.21539786
    0.08298961
    0.06044149
    0.02308627
    0.06150071
    0.04564751
    0.01315293
    0.05595755
    0.05047816
    0.04245635
    0.00998235
   -0.19380276
    0.02731813
    0.27930421
   -0.47722065
    0.13120927
   -0.50075304
   -0.14263729
    0.23042877
    0.07205137
    0.03223061
    0.32396420
    0.05552853
    0.07388846
    0.08388179
   -0.17965809
    0.04619105
    0.27070099
   -0.48649171
   -0.01730772
   -0.11863264
    0.20687402
    0.06289175
    0.07023716
    0.07078242
   -0.18822147
    0.02124526
    0.24488237
   -0.46596156
   -0.02387869
   -0.05109218
   -0.13631945
   -0.12858026
    0.22003599
    0.05957621
    0.06351982
    0.02391743
    0.01003027
    0.05360936
    0.07281656
    0.06467709
    0.07015261
    0.05724647
    0.03807858
   -0.11090225
    0.00582817
    0.28247220
   -0.49038223
   -0.08286531
   -0.08586284
   -0.02452682
    0.07811041
    0.06224679
    0.09278312
    0.07476967
    0.10279806
    0.06940189
    0.11271232
   -0.19054961
   -0.00891804
    0.27683307
   -0.49623710
    0.22225490
    0.06986315
    0.08069251
   -0.17300112
    0.03182319
    0.25978076
   -0.46762616
   -0.11103162
    0.27895160
   -0.47581087
   -0.27065230
    0.22959886
    0.09383258
    0.10095911
    0.06725133
    0.20459836
    0.25582241
   -0.13232746
    0.01289578
    0.25719050
   -0.52726666
   -0.07663646
   -0.08175462
   -0.01445547
    0.07609961
    0.07042082
    0.09550746
    0.06252750
    0.09090563
    0.06582348
    0.09649358
   -0.17416730
    0.04226330
    0.25299480
   -0.51185419
   -0.09255919
    0.37006122
   -0.61299549
   -0.62775843
    0.21868211
    0.07494484
    0.04528339
    0.06460081
   -0.16774283
   -0.02725678
    0.26048287
   -0.45878820
    0.23605750
    0.10651714
    0.05872559
   -0.17678138
    0.00149127
    0.26800475
   -0.45996941
    0.09752197
   -0.44847283
   -0.13886207
    0.22847386
    0.07682435
    0.07648932
    0.33887601
    0.04248163
    0.03437298
    0.08903860
   -0.19432964
    0.03896289
    0.26126536
   -0.50549763
   -0.01703909
   -0.11675641
    0.22081413
    0.05576727
    0.06811319
    0.04836710
   -0.15424994
    0.02592464
    0.26607719
   -0.51385114
   -0.07102827
   -0.01314991
   -0.05000675
   -0.04457451
   -0.05735356
   -0.07955072
    0.15115836
   -0.38723481
    0.23317142
    0.08492907
    0.06324652
    0.05223078
    0.03009634
    0.05224482
    0.06486337
    0.06025262
    0.32678146
   -0.17232860
    0.02720159
    0.27686756
   -0.45441251
   -0.07419040
   -0.00237862
   -0.04593153
   -0.04625078
   -0.06684753
   -0.08472102
    0.13418265
   -0.43920694
    0.23375699
    0.05467573
    0.04911647
    0.07277568
    0.04222710
    0.03455932
    0.07015074
    0.07324470
    0.36208121
   -0.18940664
    0.02163155
    0.35506674
   -0.46985108
   -0.07779568
   -0.00201892
   -0.11111965
   -0.11798091
   -0.35056147
    0.22256498
    0.09696360
    0.04907189
    0.06499177
    0.02615592
    0.04968526
    0.02866678
    0.03765667
    0.05122915
    0.05238989
    0.04289065
    0.40304824
    0.01667149
   -0.46386313
    0.03953547
    0.05393905
    0.09490864
    0.29105053
    0.01667973
   -0.47400904
    0.05335917
    0.00827285
    0.08447333
    0.31276038
    0.03177348
   -0.50875560
    0.04754864
    0.04386812
    0.03339595
    0.31927179
    0.04298905
   -0.44962740
    0.04817618
    0.07192057
   -0.00778937
    0.32166982
    0.02986499
   -0.46010304
    0.02548921
    0.04395155
    0.04746926
    0.31141498
    0.03569604
   -0.50138830
    0.05256546
    0.01996143
    0.04528749
    0.34048844
    0.02226923
   -0.49260208
    0.03429684
    0.05717460
    0.04990380
    0.33166688
   -0.11577119
   -0.48266844
    0.23277593
    0.18936902
   -0.06552519
    0.37250054
   -0.60089234
    0.30494868
    0.29033883
   -0.62524288
    0.31372188
    0.31509083
   -0.64398692
    0.29016228
    0.31554842
   -0.64346552
    0.28995430
    0.32905505
   -0.59709029
    0.30095624
    0.28829509
   -0.39811540
    0.04018407
    0.20161719
   -0.36270959
   -0.03928020
   -0.08915324
    0.37605732
   -0.65616800
   -0.64821551
    0.16627109
    0.04148287
    0.02482090
    0.04554613
    0.01641677
    0.02252724
   -0.30052407
    0.02508017
    0.18925157
   -0.39905225
   -0.06247868
   -0.06884437
   -0.00337157
    0.07468245
    0.04225070
    0.06276550
    0.04538850
    0.04507076
    0.05821420
    0.04310203
    0.01176037
   -0.45048069
    0.03787899
    0.04393774
    0.07852956
    0.30945779
    0.01459221
   -0.47485025
    0.04923350
    0.05883887
    0.07750293
    0.30844748
    0.00929814
   -0.47547020
    0.03483394
    0.03970503
    0.07092710
    0.32394442
    0.01795335
   -0.48644863
    0.05866260
    0.01733270
    0.06863998
    0.32632805
    0.02903968
   -0.45258787
    0.03866069
    0.06740785
    0.00800015
    0.30223406
    0.03879372
   -0.45596271
    0.04685894
    0.05469840
    0.00759188
    0.31173382
    0.03459953
   -0.45568633
    0.01810380
    0.06402124
    0.03846125
    0.30629408
    0.02669532
   -0.47117276
    0.04359952
    0.04383360
    0.03734803
    0.32162414
    0.02180209
   -0.47035110
    0.05113483
    0.04114550
    0.03031303
    0.33035229
    0.03282347
   -0.48272027
    0.04888699
    0.03093284
    0.03432725
    0.33122175
    0.03332559
   -0.46942681
    0.05613816
    0.03550538
    0.04404678
    0.29807059
    0.02768647
   -0.46206343
    0.05948513
    0.03165848
    0.03890003
    0.29816710
    0.03034755
   -0.47305203
    0.02917253
    0.01668469
    0.04598629
    0.31716954
    0.03719668
   -0.47643126
    0.02742696
    0.02279148
    0.02659628
    0.32626393
    0.02104860
   -0.44717010
    0.07393813
    0.06661746
    0.01361584
    0.29953753
    0.04356364
   -0.47281264
    0.05419937
    0.05887165
   -0.00407716
    0.34487392
    0.03051736
   -0.45053410
    0.06196113
    0.05123455
    0.01059186
    0.29534344
    0.03318310
   -0.45904683
    0.05600359
    0.04047519
    0.02309431
    0.30363854
    0.03768146
   -0.45362180
    0.05096613
    0.04830164
    0.02054555
    0.29353973
    0.02281880
   -0.49538243
    0.03572795
    0.05571393
    0.05432352
    0.32250248
    0.04123630
   -0.50265443
    0.04689251
    0.02584243
    0.02459761
    0.33803694
    0.01369608
   -0.51581271
    0.06704578
    0.05949862
    0.04918135
    0.32661535
    0.02694906
   -0.50049718
    0.04420477
    0.05645148
    0.05439489
    0.32085734
   -0.12102525
   -0.55943224
    0.22838753
    0.17815253
   -0.12784080
    0.43124787
   -0.60921366
    0.32795937
    0.30961511
   -0.60227872
    0.32190356
    0.31044020
   -0.63132660
    0.32370813
    0.30382030
   -0.64674811
    0.30902073
    0.34465773
   -0.62434720
    0.31636204
    0.31535161
   -0.63988857
    0.32465217
    0.31491769
   -0.63297232
    0.29401212
    0.30105449
   -0.65278950
    0.31503976
    0.31876547
   -0.65029316
    0.30594691
    0.31928694
   -0.61079473
    0.32134983
    0.31822028
   -0.63415035
    0.34150791
    0.30682201
   -0.64114404
    0.33185947
    0.32207278
   -0.64055367
    0.31252607
    0.32805773
   -0.63529264
    0.32019733
    0.31335593
   -0.64696268
    0.34131226
    0.30383907
   -0.62854403
    0.32799244
    0.29763106
   -0.63543007
    0.31575932
    0.31874768
   -0.65619740
    0.30087497
    0.34216986
   -0.62347532
    0.30881880
    0.31931460
   -0.62478133
    0.32490724
    0.29301613
   -0.63115124
    0.32380508
    0.30187672
   -0.11508004
   -0.10059333
    0.26950366
   -0.47299161
    0.29983508
    0.30121777
    0.27133533
    0.14450736
    0.14671130
   -0.15854643
    0.00586384
    0.26024997
   -0.45054410
   -0.03266629
   -0.13153074
    0.24493239
    0.10377521
    0.07364051
    0.07405793
   -0.17228146
    0.01499038
    0.27015385
   -0.47760456
   -0.13799688
    0.21693219
    0.08126618
    0.05984221
    0.07326811
    0.08465240
   -0.15631111
    0.01845380
    0.19702848
   -0.34702792
   -0.08756129
    0.01064447
   -0.04161109
   -0.04675361
   -0.03082593
   -0.03411562
   -0.03987863
    0.21715661
    0.10819864
    0.08069400
    0.08701988
    0.04452456
    0.05044671
    0.02311075
    0.03810582
    0.03612893
   -0.11304834
   -0.08659019
    0.19400482
   -0.33242476
    0.30184778
    0.28774932
    0.28489635
    0.16794189
    0.16174764
   -0.38559954
    0.03336151
    0.20327434
   -0.36570449
   -0.02199077
   -0.12679485
    0.17775943
    0.10417028
    0.06603451
    0.07304515
   -0.12439256
   -0.09155186
    0.27248314
   -0.47123039
    0.28702826
    0.29473954
    0.32469294
    0.16512604
    0.13338838
   -0.15781692
    0.02022998
    0.27109252
   -0.46621283
    0.00111387
   -0.38468950
    0.24304217
    0.09058605
    0.06019883
    0.09973158
    0.25878324
   -0.19281229
    0.04700154
    0.27182368
   -0.47291447
   -0.10201831
    0.22229611
    0.04660385
    0.05595506
    0.05903222
    0.03086418
   -0.17878883
    0.03649694
    0.27141514
   -0.50264376
   -0.07214485
    0.00514200
   -0.04288015
   -0.04067953
   -0.03255907
   -0.03140660
   -0.03431891
    0.19111998
    0.08711140
    0.04082037
    0.06062170
    0.04179938
   -0.00080122
    0.06483096
    0.04185312
    0.07611722
   -0.20969625
    0.03869362
    0.27902786
   -0.49286384
   -0.04984988
   -0.09120521
    0.36864863
   -0.61761226
   -0.63495244
    0.22472814
    0.04850707
    0.04061276
    0.05333683
    0.01840672
    0.03065404
   -0.19930521
   -0.03095479
    0.26471832
   -0.46476736
    0.23341225
    0.10728661
    0.09731412
   -0.18351419
    0.03976636
    0.27893045
   -0.49619528
   -0.04533640
   -0.08547063
    0.36594807
   -0.63162345
   -0.66442306
    0.20380404
    0.04647750
    0.04025359
    0.03615426
    0.03411777
    0.03310132
   -0.18081762
    0.02763420
    0.29166544
   -0.54512321
    0.08587066
   -0.44751601
    0.22056944
    0.10210416
    0.03453623
    0.03462004
    0.33285019
   -0.16054512
    0.04439181
    0.26966309
   -0.48835312
   -0.02073335
   -0.14464554
    0.23741147
    0.07343915
    0.07064818
    0.05888459
   -0.17934618
    0.04330807
    0.17643822
   -0.37373164
   -0.08931579
    0.28849049
   -0.48116894
   -0.27761310
    0.22504832
    0.06881768
    0.05921904
    0.06952292
    0.23297482
    0.24501616
   -0.39636291
    0.03146754
    0.19926847
   -0.38749489
    0.07796830
   -0.47046870
    0.19349436
    0.07186537
    0.03367758
    0.04564119
    0.33132605
   -0.38869314
    0.04109411
    0.27350808
   -0.49079956
    0.01151401
   -0.38336410
    0.17823920
    0.06153559
    0.03623886
    0.05243297
    0.23966741
   -0.18473288
    0.02540839
    0.26533422
   -0.51430109
   -0.10989847
    0.28220335
   -0.50091980
   -0.26144781
    0.21571487
    0.08896580
    0.08455921
    0.08038296
    0.22919414
    0.24523958
   -0.16714732
    0.00872098
    0.27756762
   -0.46733917
   -0.02151924
   -0.13040192
   -0.13442726
    0.22771739
    0.09517973
    0.08310799
    0.05550358
    0.04157998
    0.06593766
    0.05282848
    0.06211464
    0.04605296
   -0.17411245
    0.01266770
    0.27820819
   -0.50361794
   -0.07580850
   -0.09391628
    0.28869836
   -0.49510195
   -0.28553097
    0.21875221
    0.07716350
    0.07768577
    0.08708215
    0.07234509
    0.05164041
    0.22156100
    0.19767922
   -0.18255854
    0.00806298
    0.26788320
   -0.46865729
   -0.08188658
    0.01218187
   -0.04152074
   -0.04629797
   -0.03702323
   -0.03448344
   -0.02925790
    0.23052787
    0.08168069
    0.06157580
    0.07899364
    0.02908425
    0.06116271
    0.02514057
    0.05509386
    0.03790468
   -0.18716180
    0.26384315
   -0.50661796
    0.22414318
    0.08869719
    0.00966476
   -0.07617423
    0.00427160
   -0.04477787
   -0.04396486
   -0.06958070
   -0.07598559
    0.13346423
   -0.44305300
    0.06112405
    0.06730358
    0.02971565
    0.04917260
    0.07871086
    0.05984117
    0.32487300
   -0.07789571
    0.01695750
    0.28000983
   -0.50600183
   -0.08071501
   -0.07132420
   -0.02019009
    0.07615941
    0.07210130
    0.09399791
    0.04598618
    0.07237097
    0.08327431
    0.05907739
   -0.18313290
    0.03320654
    0.26994853
   -0.47468479
   -0.00324911
   -0.35148945
    0.23497530
    0.06902692
    0.06632629
    0.06457339
    0.24465324
   -0.18572676
    0.03870422
    0.25700750
   -0.45275439
   -0.04156506
   -0.06477456
    0.23969599
    0.04638023
    0.08648545
    0.06233496
   -0.08730178
    0.01031431
    0.27143569
   -0.48742117
   -0.07324066
   -0.06686108
   -0.01373934
    0.10374277
    0.05798473
    0.07238512
    0.05244219
    0.04419924
    0.05809870
    0.06778632
   -0.17809752
   -0.04708034
    0.28364986
   -0.47347973
    0.23712231
    0.10145990
    0.09595911
   -0.19924965
    0.01485692
    0.18705724
   -0.35505392
   -0.07914541
   -0.01315188
   -0.11935849
   -0.12869930
    0.21965371
    0.11523574
    0.05422579
    0.07780862
    0.03669524
    0.06132888
    0.03568552
    0.03886206
    0.05679862
    0.04021618
    0.03817828
   -0.39665481
    0.03728465
    0.18880843
   -0.36940670
   -0.07489897
   -0.01181898
   -0.11773467
   -0.12740416
    0.18116939
    0.05903723
    0.04872591
    0.04020570
    0.03361888
    0.04626848
    0.03528500
    0.03505821
    0.05013478
    0.04589259
    0.04817112
   -0.39957897
    0.03324161
    0.28176442
   -0.47233088
    0.12479960
   -0.50701237
   -0.13686281
    0.18276322
    0.04020579
    0.01343501
    0.30719962
    0.05901654
    0.06758112
    0.06550157
   -0.18483157
    0.04131806
    0.27601125
   -0.49024897
    0.01778510
   -0.38433434
    0.19101668
    0.07681046
    0.06696408
    0.04286980
    0.28179246
   -0.18353975
    0.02297659
    0.25741091
   -0.46386748
   -0.01929542
   -0.04844748
   -0.12590100
   -0.12588718
    0.21577854
    0.05537624
    0.05607827
    0.01601009
    0.01575699
    0.04828750
    0.06238731
    0.05726996
    0.06082510
    0.06077425
    0.03281328
   -0.11507987
    0.00578472
    0.28059581
   -0.49445934
   -0.08281088
   -0.08679464
   -0.01469793
    0.06412817
    0.06857241
    0.08388243
    0.07335709
    0.10577602
    0.08527429
    0.08382725
   -0.17893972
   -0.02851210
    0.27367976
   -0.49945158
    0.22356713
    0.10856035
    0.08237284
   -0.15473786
    0.02219547
    0.19508976
   -0.34582023
   -0.12117065
    0.27938120
   -0.49043124
   -0.26770370
    0.23216260
    0.11849224
    0.11500121
    0.07262177
    0.20762951
    0.25442257
   -0.40075307
    0.01654199
    0.26942241
   -0.47864648
   -0.01719851
   -0.11786058
   -0.12640194
    0.17275702
    0.05587737
    0.05420552
    0.04468355
    0.03997420
    0.03850119
    0.05396227
    0.04145651
    0.04830112
   -0.16644281
    0.01339145
    0.19967530
   -0.35545407
   -0.07523501
   -0.10778640
    0.28565909
   -0.49232204
   -0.28416366
    0.22520110
    0.09679137
    0.09014138
    0.07621523
    0.09238649
    0.06362531
    0.22608005
    0.21641774
   -0.29240105
    0.01644744
    0.27224919
   -0.48997278
   -0.06762066
   -0.06058496
    0.00654334
    0.04283047
    0.04252898
    0.07279822
    0.02537191
    0.04794141
    0.04700149
    0.02474298
   -0.18062863
    0.02812846
    0.27189901
   -0.46494286
   -0.00071588
   -0.37100547
    0.21465583
    0.07274510
    0.06774461
    0.06003227
    0.26639682
   -0.17067555
    0.03291217
    0.26217178
   -0.47250956
   -0.03628885
   -0.09974457
    0.21670593
    0.06412248
    0.09032306
    0.07124372
   -0.08843855
    0.02668950
    0.20204847
   -0.36816171
   -0.06721190
   -0.07051989
   -0.01638119
    0.10344850
    0.06181379
    0.07666416
    0.06203068
    0.05450605
    0.07536490
    0.07605506
   -0.37923866
    0.20081376
   -0.37857149
    0.16390864
    0.09499606
    0.02459725
   -0.08930834
    0.00759543
   -0.04728520
   -0.04686925
   -0.07025850
   -0.07600293
    0.13164634
   -0.45164904
    0.05377985
    0.06956059
    0.05673349
    0.04293829
    0.08353216
    0.03672094
    0.30691011
   -0.40751563
    0.01988862
    0.27265636
   -0.46138430
   -0.07030843
    0.01593383
   -0.04310801
   -0.04234763
   -0.03800842
   -0.03576536
   -0.03259542
    0.16464400
    0.07675043
    0.01355598
    0.05803960
    0.05726039
    0.01742240
    0.05707789
    0.02341096
    0.03471064
   -0.18939607
    0.26417625
   -0.55072706
    0.21249562
    0.09877972
    0.01703637
   -0.05930472
    0.00498890
   -0.03464550
   -0.04390011
   -0.06768774
   -0.07904837
    0.13178888
   -0.43209202
    0.02737808
    0.03057730
    0.00717855
    0.03557724
    0.08501579
    0.07085275
    0.33528206
   -0.07575601
    0.02204455
    0.20651788
   -0.38903602
   -0.07907486
   -0.07810249
   -0.02808526
    0.08029528
    0.08433835
    0.09930415
    0.06111479
    0.10694381
    0.10306156
    0.08541786
   -0.39367883
    0.04549501
    0.25386802
   -0.46875718
    0.01796693
   -0.38814429
    0.17105577
    0.03910177
    0.04391716
    0.04066721
    0.24586695
   -0.10540445
    0.01233364
    0.27384267
   -0.49725494
   -0.07732267
   -0.07092712
   -0.01261123
    0.07368490
    0.06823459
    0.07048566
    0.06212542
    0.07648498
    0.07007533
    0.06957231
   -0.17878025
   -0.04709813
    0.27542704
   -0.47131193
    0.23832443
    0.10729304
    0.10757906
   -0.20826562
    0.01301623
    0.26201264
   -0.46085828
   -0.07106902
   -0.00336514
   -0.11881084
   -0.12504055
    0.22176977
    0.08611430
    0.04397803
    0.07064116
    0.03060214
    0.05582289
    0.03248295
    0.04977649
    0.04953504
    0.04727936
    0.02896963
   -0.21499989
   -0.04127928
    0.26891429
   -0.50194738
    0.22653208
    0.09283174
    0.08920346
   -0.16990281
    0.02389619
    0.19974171
   -0.36788283
   -0.08445699
   -0.00766291
   -0.12424473
   -0.12133193
    0.22556479
    0.09767426
    0.07966105
    0.06825911
    0.02700059
    0.05539763
    0.04916675
    0.04652258
    0.04735567
    0.02538666
    0.05536690
   -0.41275474
   -0.02556483
    0.26738839
   -0.46543361
    0.17239160
    0.06200764
    0.07060221
   -0.18830417
    0.01602937
    0.19498329
   -0.35498877
   -0.08109645
   -0.01368888
   -0.12617581
   -0.13390256
    0.20369774
    0.11378435
    0.05506112
    0.07772824
    0.03139017
    0.05897442
    0.04041346
    0.04653273
    0.05742209
    0.04878804
    0.04118556
   -0.38171208
    0.03493486
    0.19497641
   -0.36694101
   -0.07228605
   -0.01108369
   -0.10680949
   -0.10325584
    0.17898464
    0.06541955
    0.05877722
    0.02278429
    0.05071263
    0.03449792
    0.01144897
    0.04826139
    0.03177185
    0.04590690
    0.01240595
   -0.39807610
    0.02226761
    0.25695646
   -0.47484889
   -0.03518167
   -0.06540957
   -0.13433971
   -0.13596774
    0.16970871
    0.04438203
    0.04729435
    0.04461731
    0.03567014
    0.03459808
    0.04236799
    0.05498579
    0.05240241
    0.04820458
    0.04386156
   -0.11120229
    0.00611473
    0.20125516
   -0.35716850
   -0.07824127
   -0.08256716
   -0.02462745
    0.08851954
    0.07352611
    0.07348114
    0.07757224
    0.07660156
    0.07743649
    0.07926274
   -0.38116411
    0.03699378
    0.20189601
   -0.37912328
   -0.11983569
    0.28521977
   -0.50352810
   -0.27123850
    0.17952259
    0.10095551
    0.08900805
    0.07380203
    0.20879395
    0.23673891
   -0.37622153
    0.02357299
    0.26479102
   -0.46522468
   -0.03984736
   -0.10494966
    0.18674429
    0.04348972
    0.06360988
    0.10491887
   -0.17206841
    0.00536257
    0.19614888
   -0.36166210
   -0.02700071
   -0.06842742
   -0.13944112
   -0.12870569
    0.21032617
    0.10119071
    0.07058890
    0.04657838
    0.03237248
    0.05068201
    0.07780556
    0.05891417
    0.06610187
    0.05271446
    0.03819792
   -0.39275160
    0.01445423
    0.19595652
   -0.36310574
    0.10067221
   -0.47546935
   -0.14721166
    0.17113801
    0.06758198
    0.05025139
    0.34117245
    0.06243083
    0.04520011
    0.05959396
   -0.39787881
    0.04871743
    0.25728868
   -0.50133110
   -0.08416249
    0.37795092
   -0.61380398
   -0.70272427
    0.16858120
    0.03343247
    0.02558523
    0.03881899
   -0.16950491
   -0.03118799
    0.26515865
   -0.49001125
    0.21573254
    0.11152650
    0.08890503
   -0.17458442
    0.00130026
    0.26275929
   -0.43473737
    0.09388004
   -0.44728807
   -0.13947412
    0.24164600
    0.06279348
    0.09502467
    0.32347571
    0.02802583
    0.04343464
    0.08527152
   -0.18211487
    0.02720604
    0.26272274
   -0.50398983
    0.01050644
   -0.33275514
    0.20928657
    0.07813466
    0.04888716
    0.05764928
    0.18593045
   -0.13444119
    0.01637397
    0.26301994
   -0.49396049
   -0.08025363
   -0.00934977
   -0.04891758
   -0.04712550
   -0.06435800
   -0.08317832
    0.14760923
   -0.42910312
    0.22946856
    0.08886334
    0.07629509
    0.07493349
    0.04732494
    0.05502675
    0.06013445
    0.05541919
    0.35681787
   -0.17029253
    0.02922278
    0.20527398
   -0.32493436
   -0.06840037
   -0.00446806
   -0.04687796
   -0.04324490
   -0.06540656
   -0.07580664
    0.13802279
   -0.44443745
    0.22809287
    0.06885330
    0.05027214
    0.07442673
    0.05720769
    0.02829252
    0.07229533
    0.05527946
    0.35522296
   -0.39096305
    0.03092947
    0.26966870
   -0.51954966
   -0.07155146
   -0.00995159
   -0.04435848
   -0.04946100
   -0.06083940
   -0.08055220
    0.14598598
   -0.40835369
    0.16203783
    0.06326890
    0.05645460
    0.03277389
    0.01661154
    0.05159481
    0.04161236
    0.05315553
    0.33171418
   -0.18314335
    0.02379666
    0.27620137
   -0.44848844
   -0.09150706
   -0.00112194
   -0.05260396
   -0.04136138
   -0.06613226
   -0.06772168
    0.13043746
   -0.44062668
    0.23765365
    0.05946318
    0.07976881
    0.09258182
    0.06580450
    0.06494809
    0.06021382
    0.02946227
    0.30445655
   -0.19521775
    0.02599186
    0.35458772
   -0.49037110
   -0.06885221
    0.00093207
   -0.10338820
   -0.11718141
   -0.36094120
    0.21849391
    0.09541571
    0.04493390
    0.03719714
    0.04052883
    0.02746892
    0.03810700
    0.04197221
    0.05565182
    0.03121747
    0.05508272
    0.37920504
   -0.40659030
    0.02876977
    0.35713700
   -0.50270119
   -0.07785415
   -0.00808268
   -0.12441641
   -0.12096708
   -0.35979342
    0.17375224
    0.06187473
    0.04412669
    0.04001574
    0.02939495
    0.04801953
    0.04703932
    0.04761854
    0.04235648
    0.04419557
    0.03955039
    0.38847492
    0.08602637
    0.16618739
    0.18870107
    0.07085553
    0.17950732
    0.09210954
    0.19305969
    0.06662706
    0.17215405
    0.08364480
    0.19196362
    0.18267128
    0.08910799
    0.12290230
    0.17406293
    0.06948945
    0.08909050
    0.18274810
    0.07555307
    0.18905289
    0.08329726
    0.17652363
    0.07087571
    0.18963919
    0.09004723
    0.17002314
    0.08784777
    0.17062561
    0.08961313
    0.19586987
    0.07822864
    0.18077052
    0.07231056
    0.18594558
    0.07226068
    0.18736405
    0.07691589
    0.17775576
    0.07228947
    0.18092208
    0.08513360
    0.18501614
    0.08841186
    0.17474741
    0.08735293
