   -0.11746120
   -0.09891275
    0.26974155
   -0.45112979
    0.30029653
    0.30457255
    0.29867955
    0.16451308
    0.12768175
   -0.15968162
    0.01393494
    0.28303299
   -0.47793443
   -0.04890246
   -0.03840481
    0.23309838
    0.10980546
    0.07001164
    0.12927916
   -0.19749039
    0.06721622
    0.27809810
   -0.48686031
   -0.09811387
    0.22519642
    0.04247168
    0.04930817
    0.08046092
    0.01939942
   -0.18184728
    0.04792887
    0.27518985
   -0.49763215
   -0.06828076
    0.00932191
   -0.04344765
   -0.03507960
   -0.02867052
   -0.02771545
   -0.03445632
    0.19667113
    0.06998580
    0.04688447
    0.05413779
    0.03470719
    0.01201114
    0.04054775
    0.04528390
    0.06749954
   -0.21632448
    0.04968840
    0.28202592
   -0.48840916
   -0.04246259
   -0.08340699
    0.37068545
   -0.61897683
   -0.63820087
    0.21870624
    0.03602492
    0.02851899
    0.05140531
    0.01751085
    0.02050236
   -0.19920528
   -0.02580246
    0.26994072
   -0.47590719
    0.22451827
    0.10046642
    0.09670443
   -0.18197189
    0.04185683
    0.28037421
   -0.51042886
   -0.03796623
   -0.08373420
    0.36983391
   -0.65088661
   -0.64455561
    0.19435102
    0.05296012
    0.03413771
    0.02062162
    0.03615854
    0.04787007
   -0.17734005
    0.02463546
    0.28530695
   -0.53386666
    0.07969355
   -0.48127532
    0.23060506
    0.07884792
    0.04735619
    0.04973246
    0.37938882
   -0.14280917
    0.04117938
    0.19288026
   -0.33528137
   -0.01780086
   -0.15737084
    0.22290392
    0.10389335
    0.09585809
    0.04699064
   -0.37970258
    0.25743965
   -0.55073468
    0.15760108
    0.06579792
    0.02812087
   -0.09071146
   -0.01406407
   -0.04105976
   -0.07540756
   -0.06235378
   -0.12097370
    0.15961295
   -0.43482349
    0.05917754
    0.03315751
   -0.00885359
    0.08230956
   -0.02937986
    0.05064433
    0.39440785
   -0.08214887
    0.00739321
    0.28506487
   -0.51576086
   -0.08395917
   -0.07619488
   -0.03643543
    0.07523081
    0.07182073
    0.09608004
    0.04725777
    0.10313107
    0.10197779
    0.09960791
   -0.19480542
    0.03754035
    0.26961276
   -0.44002635
   -0.04798720
   -0.02597458
    0.24167650
    0.03748899
    0.11447445
    0.05206745
   -0.19257290
    0.04071408
    0.25728883
   -0.49132035
   -0.01239811
   -0.17635983
    0.20641222
    0.07169797
    0.03065411
    0.06438485
   -0.08118301
    0.00495498
    0.27112283
   -0.48463054
   -0.08550768
   -0.07900235
   -0.02581522
    0.09635681
    0.07707719
    0.09298417
    0.06535668
    0.09164520
    0.06489877
    0.08663928
   -0.17590518
   -0.04899772
    0.28150448
   -0.46929593
    0.23255293
    0.11567536
    0.11036833
   -0.21234352
    0.02159690
    0.26826043
   -0.48285933
   -0.06023485
   -0.00410580
   -0.10595587
   -0.12128346
    0.22309320
    0.08164428
    0.02803266
    0.05127432
    0.04455362
    0.04004935
    0.02249206
    0.04011733
    0.04247662
    0.04659787
    0.03824330
   -0.20999806
   -0.04035732
    0.26918839
   -0.48973376
    0.23475173
    0.11619428
    0.09303752
   -0.18439125
    0.01638498
    0.25684770
   -0.45960632
   -0.07681221
   -0.00578505
   -0.09847521
   -0.09407076
    0.22026765
    0.07682417
    0.07338882
    0.03249625
    0.03743155
    0.02865182
    0.01049759
    0.05023424
    0.02499795
    0.04001958
    0.01085332
   -0.17884925
    0.00700690
    0.27253116
   -0.48911060
    0.11425824
   -0.47879158
   -0.14468939
    0.21907362
    0.10276608
    0.04781543
    0.33909976
    0.05496448
    0.06244989
    0.07898323
   -0.15528536
    0.01900639
    0.20309746
   -0.31166460
   -0.06330029
   -0.03423376
    0.23568185
    0.08004654
    0.10333027
    0.13480702
   -0.39326127
    0.02204253
    0.27436583
   -0.44870659
    0.11218586
   -0.46807522
   -0.12655042
    0.17836853
    0.03168225
    0.04727574
    0.32881309
    0.02375557
    0.02029522
    0.07192596
   -0.20608367
    0.04416002
    0.26240322
   -0.53200125
    0.00380061
   -0.16733500
    0.20070828
    0.07287819
    0.02987519
    0.02530923
   -0.15629359
    0.02900509
    0.26352253
   -0.49223065
   -0.07229127
   -0.01156642
   -0.05073973
   -0.04484908
   -0.06496843
   -0.08136921
    0.14780377
   -0.42175703
    0.24866133
    0.07169740
    0.06494909
    0.06957506
    0.04857636
    0.04398224
    0.06888672
    0.05344928
    0.35836999
   -0.17113506
    0.03402934
    0.20625090
   -0.31837756
   -0.06296620
   -0.00295467
   -0.04972700
   -0.03493172
   -0.06820198
   -0.06191673
    0.13260377
   -0.42649017
    0.22515252
    0.06823438
    0.03780221
    0.07372330
    0.06786128
    0.02874746
    0.08424358
    0.03101876
    0.32544689
    0.04227553
   -0.44709391
    0.01769940
    0.05929838
    0.02034758
    0.31080779
    0.02950793
   -0.46792092
    0.06070652
    0.03921436
    0.03482813
    0.30609168
    0.03742845
   -0.46228350
    0.04113128
    0.02621750
    0.04163145
    0.30785970
    0.03349862
   -0.48390361
    0.03554989
    0.03656274
    0.03515880
    0.34378044
    0.00343221
   -0.48684882
    0.05257650
    0.04983219
    0.06960278
    0.33736230
   -0.59692408
    0.33691019
    0.29145902
   -0.61058566
    0.31046267
    0.29445453
   -0.62826227
    0.31766979
    0.31795200
   -0.63791829
    0.29099061
    0.31143170
   -0.62351763
    0.33459240
    0.31829320
   -0.63622381
    0.31168098
    0.32362752
   -0.62168131
    0.30196456
    0.32295525
   -0.60810935
    0.31551047
    0.28494070
    0.01891647
   -0.47400749
    0.04962089
    0.03895701
    0.07226363
    0.32913423
    0.02021518
   -0.47749693
    0.04815943
    0.01569125
    0.06349782
    0.33166561
    0.02378681
   -0.48511354
    0.06318636
    0.02047463
    0.06052246
    0.33137160
    0.03351440
   -0.48632920
    0.04045203
    0.04420002
    0.02718369
    0.34537508
    0.01523487
   -0.45509989
    0.06335023
    0.05087248
    0.04133848
    0.35167888
    0.06759650
   -0.44242922
    0.08379645
    0.07025584
   -0.06864983
    0.30272116
    0.04227505
   -0.44574934
    0.03332985
    0.04546194
    0.02343171
    0.29770494
    0.04838097
   -0.48219983
    0.03242056
    0.01721611
    0.03439613
    0.33826101
   -0.10670587
   -0.47900235
    0.22579365
    0.16451865
   -0.15284584
    0.35659474
   -0.11890321
   -0.55000753
    0.22666964
    0.17589189
   -0.11447111
    0.43409136
   -0.60854809
    0.32406345
    0.31450835
   -0.60734721
    0.29681992
    0.30568658
   -0.61402245
    0.30902812
    0.30742063
   -0.64517680
    0.30909835
    0.31168700
   -0.62620545
    0.32529965
    0.32906971
   -0.61414470
    0.31397999
    0.31173488
   -0.63142414
    0.31008498
    0.32038604
   -0.61902700
    0.30175808
    0.32237512
   -0.60635263
    0.30054049
    0.29710336
   -0.38688718
    0.03415124
    0.19500845
   -0.35521802
   -0.07680120
    0.00764645
   -0.04113953
   -0.04885258
   -0.03256813
   -0.03841433
   -0.03541144
    0.17105593
    0.07710196
    0.05432253
    0.04193818
    0.02492994
    0.03599577
    0.03449053
    0.04982948
    0.04759908
   -0.39014703
    0.02623688
    0.27087104
   -0.48378574
   -0.02226136
   -0.12205536
    0.17776448
    0.07941106
    0.04740092
    0.06728667
   -0.17766683
    0.02562884
    0.19708051
   -0.36628669
   -0.15099922
    0.21612377
    0.10216988
    0.06942278
    0.09583446
    0.09274347
   -0.39501360
    0.04372370
    0.27201200
   -0.49212135
   -0.07016594
    0.00962376
   -0.04229231
   -0.03954404
   -0.03275176
   -0.03455366
   -0.03692007
    0.15614187
    0.05298268
    0.04156298
    0.04113540
    0.03588249
    0.01521014
    0.04837423
    0.03880163
    0.05306404
   -0.21915561
    0.04378332
    0.28087883
   -0.48607109
   -0.04640148
   -0.08467494
    0.36974867
   -0.63031763
   -0.63276327
    0.22142415
    0.03763735
    0.03685866
    0.05477332
    0.01006807
    0.01879951
   -0.20345887
   -0.02290076
    0.26597820
   -0.46552991
    0.22439292
    0.08535809
    0.08725428
   -0.17383416
    0.02879723
    0.27864329
   -0.48861953
   -0.05725447
   -0.09114719
    0.36602236
   -0.60964047
   -0.70457350
    0.20282801
    0.05642191
    0.05048172
    0.05678671
    0.04342063
    0.02770514
   -0.16635918
    0.01303411
    0.28694001
   -0.54918723
    0.07543339
   -0.46056356
    0.19952440
    0.11058950
    0.05212942
    0.03960318
    0.36140850
   -0.14811994
    0.03402722
    0.18390217
   -0.32403789
   -0.03124136
   -0.13927621
    0.24158071
    0.09500887
    0.09178039
    0.07237035
   -0.39979611
    0.04679841
    0.20801309
   -0.36068679
   -0.09474033
    0.28856998
   -0.50038795
   -0.28156817
    0.18240169
    0.06048287
    0.04990765
    0.06883441
    0.22513544
    0.22962160
   -0.40232551
    0.03374173
    0.20586872
   -0.37512059
   -0.06555749
    0.01667330
   -0.04139868
   -0.03970151
   -0.03547685
   -0.03156992
   -0.02826073
    0.17358866
    0.07093679
    0.03110298
    0.05001080
    0.03784988
    0.02793498
    0.04064335
    0.02966156
    0.04593277
   -0.38771051
    0.02151444
    0.19560929
   -0.35140279
   -0.00839265
   -0.10284586
   -0.12937367
    0.17129546
    0.05964724
    0.05477216
    0.03417605
    0.01954959
    0.04141261
    0.05331367
    0.04568335
    0.06594283
   -0.29171100
    0.01856117
    0.27437578
   -0.48756235
   -0.06755467
   -0.05906380
    0.00373516
    0.03439683
    0.03119424
    0.07155248
    0.02444935
    0.06073647
    0.05315313
    0.03415481
   -0.19921556
    0.03360530
    0.27291788
   -0.48361838
   -0.01970144
   -0.15876910
    0.21099056
    0.07362440
    0.04504339
    0.06309291
   -0.18775183
    0.04186678
    0.25748825
   -0.46961429
   -0.03241968
   -0.10224381
    0.23701183
    0.05438918
    0.07936606
    0.06908567
   -0.09219486
    0.01425949
    0.27407672
   -0.49660219
   -0.06859530
   -0.06428108
   -0.01185237
    0.08597745
    0.05428338
    0.06043100
    0.06212503
    0.05367288
    0.07359063
    0.06709510
   -0.17734454
   -0.04644907
    0.28213858
   -0.46470874
    0.23275353
    0.09983942
    0.10383281
   -0.20303414
    0.00489853
    0.25941690
   -0.45933373
   -0.07950875
   -0.00859150
   -0.12152238
   -0.12865314
    0.21151335
    0.10515058
    0.03994788
    0.07410171
    0.02654946
    0.05764308
    0.02667773
    0.05251411
    0.05644957
    0.04822799
    0.03809453
   -0.20294041
   -0.04574598
    0.26810598
   -0.49672936
    0.22151260
    0.10161333
    0.11754595
   -0.18011038
    0.01622218
    0.26532482
   -0.50036754
   -0.07378879
   -0.01718770
   -0.12485950
   -0.12301619
    0.22196035
    0.08869861
    0.05490045
    0.03523555
    0.04280934
    0.06942440
    0.04272819
    0.04109170
    0.07191950
    0.03503475
    0.03375614
   -0.19772419
    0.03470178
    0.27948928
   -0.46773522
    0.13548343
   -0.49932504
   -0.13555835
    0.23659713
    0.05785138
    0.01438295
    0.31419576
    0.06080413
    0.07475673
    0.07004632
   -0.18275941
    0.05304459
    0.27673796
   -0.49224775
    0.01688678
   -0.35699081
    0.19354866
    0.06975356
    0.05368982
    0.04666682
    0.27500814
   -0.18234488
    0.02829752
    0.25752068
   -0.45842486
   -0.01884635
   -0.04327448
   -0.13297580
   -0.11863075
    0.22226782
    0.05014787
    0.05985554
    0.00926551
    0.00649480
    0.05676131
    0.07302181
    0.04871983
    0.06125772
    0.06110692
    0.02240542
   -0.11363089
    0.00735055
    0.28000295
   -0.49599939
   -0.08234726
   -0.08815412
   -0.01477570
    0.05738074
    0.07485796
    0.08283311
    0.07576458
    0.10695127
    0.08721329
    0.08537728
   -0.17172630
   -0.02388730
    0.19271807
   -0.38579395
    0.22824093
    0.12823817
    0.08730498
   -0.40301562
    0.01329097
    0.27415917
   -0.48391092
    0.11383012
   -0.48115997
   -0.14734176
    0.17091015
    0.05614630
    0.03626303
    0.34149680
    0.05860302
    0.03833189
    0.07516193
   -0.19217916
    0.02833399
    0.26314407
   -0.48598938
   -0.04748402
   -0.04602203
    0.22850850
    0.05005031
    0.11286508
    0.06478286
   -0.15865520
    0.02114220
    0.26727673
   -0.51287450
   -0.06708996
   -0.01613339
   -0.04698011
   -0.04831980
   -0.05328395
   -0.07927811
    0.15526201
   -0.41158255
    0.22068731
    0.09091568
    0.06543486
    0.04286635
    0.01775933
    0.05231465
    0.05004251
    0.06287338
    0.35800623
   -0.16556171
    0.01699466
    0.27928034
   -0.45704535
   -0.08651530
   -0.00339134
   -0.04638273
   -0.04857269
   -0.06705916
   -0.08166838
    0.13180025
   -0.45190888
    0.22591897
    0.06642159
    0.08285824
    0.07338161
    0.05052746
    0.06648449
    0.05679477
    0.06045421
    0.35274198
   -0.19245939
    0.02297391
    0.35603002
   -0.47658789
   -0.07263556
    0.00047050
   -0.10196835
   -0.11261874
   -0.34822132
    0.22266762
    0.09851519
    0.04330589
    0.05013644
    0.03496479
    0.03440683
    0.02582522
    0.03375973
    0.05927492
    0.04050402
    0.04008050
    0.39740312
   -0.28921452
    0.02814169
    0.18775652
   -0.34736778
   -0.05303967
   -0.05474637
    0.00372350
    0.06217689
    0.02389042
    0.04591630
    0.03611945
    0.01827811
    0.05364440
    0.03346859
   -0.39337519
   -0.03131620
    0.26058101
   -0.50799729
    0.18298647
    0.08981780
    0.08172404
   -0.17411605
    0.01553706
    0.26689585
   -0.48953285
   -0.07891925
   -0.01255912
   -0.11330895
   -0.09907568
    0.21443066
    0.07725096
    0.07298863
    0.03832341
    0.04824587
    0.04254028
    0.02113103
    0.05707366
    0.03295267
    0.03381645
    0.01126903
   -0.18643125
    0.01090227
    0.27577533
   -0.48524471
    0.11507381
   -0.49053886
   -0.14827997
    0.22369483
    0.09380489
    0.04081849
    0.35167861
    0.06399542
    0.06280032
    0.07860527
   -0.16876890
    0.01822108
    0.26396744
   -0.45699544
   -0.04859105
   -0.05580703
    0.22905073
    0.06876328
    0.07538263
    0.11198648
   -0.17316539
    0.00488814
    0.24978642
   -0.48181594
   -0.03091407
   -0.06701906
   -0.13914768
   -0.13846692
    0.20869276
    0.08689463
    0.05482750
    0.05596431
    0.02528795
    0.05017925
    0.05469889
    0.07182394
    0.06583197
    0.04155393
    0.04680135
   -0.09779603
    0.00325751
    0.20919291
   -0.35792642
   -0.08378398
   -0.09391158
   -0.03097866
    0.09307062
    0.08376676
    0.09045931
    0.08014287
    0.10530457
    0.07393435
    0.09539793
   -0.38262973
   -0.01833051
    0.26353807
   -0.47867467
    0.18454082
    0.08352213
    0.04223358
   -0.18915351
    0.00633955
    0.26581933
   -0.44861299
    0.09892997
   -0.45405467
   -0.13314668
    0.22767229
    0.06963947
    0.06858278
    0.33782403
    0.04005089
    0.02858182
    0.06504473
   -0.19010217
    0.03526757
    0.26496401
   -0.52410049
    0.01177521
   -0.33726389
    0.21494380
    0.08001437
    0.04782998
    0.04127938
    0.22391011
   -0.15207028
    0.02717547
    0.26509112
   -0.49262181
   -0.08155843
   -0.00609665
   -0.05171971
   -0.04369329
   -0.05819056
   -0.07787582
    0.14852569
   -0.39366618
    0.24993077
    0.07116644
    0.07322751
    0.08394307
    0.06716563
    0.04262772
    0.07533142
    0.01929253
    0.29768191
   -0.17601641
    0.02793470
    0.27705581
   -0.45859038
   -0.07006745
   -0.00396590
   -0.04759087
   -0.04293892
   -0.06383485
   -0.07862006
    0.13476946
   -0.44362642
    0.22228620
    0.06091810
    0.04342638
    0.06479054
    0.03974215
    0.03394280
    0.05814283
    0.07269083
    0.36238448
   -0.18687191
    0.02241882
    0.35507673
   -0.48044715
   -0.08032859
   -0.00895161
   -0.13242899
   -0.12090783
   -0.34880452
    0.22604152
    0.09071796
    0.06205968
    0.06222168
    0.03101034
    0.05883050
    0.05092139
    0.06027488
    0.03466290
    0.05319714
    0.04462782
    0.39539572
   -0.39655938
    0.03650476
    0.21200256
   -0.36061555
    0.13075275
   -0.49837234
   -0.13365376
    0.18126686
    0.06167144
    0.02107714
    0.30954810
    0.05603482
    0.06333267
    0.06678986
   -0.38736787
    0.03471691
    0.20306248
   -0.35682002
   -0.01964427
   -0.04786782
   -0.12415780
   -0.12154179
    0.17478166
    0.04354449
    0.04313756
    0.02364813
    0.02116427
    0.03757570
    0.04511567
    0.06167690
    0.05060055
    0.05162579
    0.03194431
   -0.32316977
    0.01975001
    0.25747017
   -0.52681472
   -0.06214688
   -0.06048365
   -0.00112834
    0.06688625
    0.04108298
    0.06914929
    0.02598140
    0.04249563
    0.02493287
    0.05890791
   -0.17006436
    0.04498229
    0.18166992
   -0.38338334
   -0.08258161
    0.37608734
   -0.59910562
   -0.64789312
    0.21530751
    0.07840495
    0.04735332
    0.05324738
   -0.40139130
    0.03037076
    0.35930114
   -0.50401410
   -0.07372082
   -0.00448846
   -0.10629641
   -0.11481326
   -0.35460709
    0.18093144
    0.06408295
    0.04174691
    0.03871226
    0.03040115
    0.03766474
    0.03839987
    0.02747730
    0.05087003
    0.04035522
    0.03232740
    0.41006645
    0.10471656
    0.20225961
    0.07862848
    0.19983610
    0.08815399
    0.18852022
    0.05142728
    0.16123832
    0.07614661
    0.19065549
    0.08303885
    0.18198368
    0.06097020
    0.17478022
    0.09834814
    0.17982499
    0.10060287
    0.18478857
    0.07015417
    0.17879372
    0.06913557
    0.16353445
    0.09831196
    0.17309900
    0.10987527
    0.19811101
    0.18243073
    0.06760623
    0.16769831
    0.07227227
    0.17951992
    0.17627433
